시간 [s],진공압력 1 [bar],메인압력 1 [bar],제품압력 1 [bar],제품압력 2 [bar],제품압력 3 [bar],제품압력 4 [bar],제품압력 5 [bar],회전수 [rpm],온도 [℃],- [V],외부유량 [lpm],내부유량 [lpm
31.49,-0.19,4.69,5.15,0.08,0.11,0.17,0.19,859.07,28.54,0.0,-0.2,-2.33
31.5,-0.19,4.63,5.14,0.08,0.11,0.19,0.21,864.09,28.54,0.0,-0.5,-2.41
31.51,-0.2,4.56,5.15,0.07,0.11,0.21,0.23,868.99,28.55,0.0,-0.75,-2.51
31.52,-0.19,4.5,5.16,0.05,0.1,0.22,0.24,874.03,28.55,0.0,-0.95,-2.6
31.53,-0.16,4.48,5.18,0.03,0.08,0.22,0.24,879.54,28.55,0.0,-1.13,-2.65
31.54,-0.12,4.49,5.2,0.01,0.06,0.21,0.24,884.89,28.55,0.0,-1.26,-2.66
31.55,-0.09,4.54,5.22,-0.0,0.04,0.19,0.23,888.81,28.54,0.0,-1.25,-2.63
31.56,-0.06,4.64,5.24,-0.0,0.02,0.16,0.21,890.56,28.53,0.0,-1.05,-2.58
31.57,-0.06,4.75,5.27,0.0,0.01,0.12,0.2,890.32,28.53,0.0,-0.7,-2.51
31.58,-0.07,4.87,5.3,0.02,0.01,0.08,0.18,888.78,28.53,0.0,-0.32,-2.44
31.59,-0.09,4.97,5.33,0.03,0.01,0.07,0.16,886.71,28.53,0.0,0.01,-2.34
31.6,-0.12,5.03,5.37,0.05,0.02,0.07,0.15,884.96,28.54,0.0,0.25,-2.26
31.61,-0.15,5.07,5.41,0.07,0.04,0.09,0.14,884.47,28.55,0.0,0.34,-2.23
31.62,-0.16,5.07,5.43,0.08,0.06,0.12,0.14,885.64,28.55,0.0,0.3,-2.28
31.63,-0.15,5.06,5.45,0.08,0.08,0.14,0.15,887.34,28.56,0.0,0.18,-2.39
31.64,-0.14,5.03,5.45,0.08,0.09,0.17,0.16,886.84,28.56,0.0,0.07,-2.53
31.65,-0.14,5.01,5.45,0.08,0.1,0.2,0.19,882.31,28.56,0.0,0.03,-2.65
31.66,-0.15,5.0,5.44,0.07,0.1,0.23,0.21,875.78,28.55,0.0,0.03,-2.73
31.67,-0.16,5.01,5.44,0.05,0.1,0.25,0.23,872.62,28.54,0.0,-0.1,-2.72
31.68,-0.17,5.04,5.45,0.03,0.09,0.24,0.25,876.62,28.53,0.0,-0.44,-2.61
31.69,-0.17,5.08,5.47,0.01,0.08,0.21,0.25,886.15,28.53,0.0,-0.94,-2.45
31.7,-0.16,5.13,5.51,-0.0,0.07,0.18,0.25,895.83,28.53,0.0,-1.39,-2.29
31.71,-0.13,5.18,5.56,-0.01,0.05,0.15,0.24,901.24,28.53,0.0,-1.65,-2.18
31.72,-0.1,5.23,5.61,-0.0,0.04,0.13,0.21,901.72,28.53,0.0,-1.69,-2.15
31.73,-0.09,5.26,5.65,0.01,0.03,0.12,0.19,899.54,28.53,0.0,-1.53,-2.19
31.74,-0.1,5.28,5.69,0.02,0.02,0.11,0.16,897.35,28.54,0.0,-1.24,-2.3
31.75,-0.13,5.29,5.72,0.04,0.03,0.1,0.14,896.55,28.54,0.0,-0.94,-2.44
31.76,-0.17,5.3,5.74,0.06,0.04,0.1,0.12,897.47,28.55,0.0,-0.79,-2.59
31.77,-0.2,5.29,5.76,0.07,0.06,0.11,0.13,899.77,28.55,0.0,-0.88,-2.72
31.78,-0.21,5.27,5.78,0.08,0.09,0.12,0.14,902.89,28.55,0.0,-1.14,-2.8
31.79,-0.2,5.24,5.79,0.08,0.1,0.14,0.17,906.76,28.55,0.0,-1.41,-2.8
31.8,-0.17,5.2,5.79,0.08,0.11,0.16,0.19,911.34,28.54,0.0,-1.53,-2.7
31.81,-0.12,5.16,5.79,0.07,0.1,0.17,0.22,915.75,28.54,0.0,-1.45,-2.52
31.82,-0.08,5.14,5.79,0.05,0.09,0.19,0.23,918.49,28.54,0.0,-1.15,-2.29
31.83,-0.05,5.17,5.81,0.03,0.08,0.19,0.23,918.69,28.54,0.0,-0.65,-2.03
31.84,-0.05,5.24,5.83,0.01,0.07,0.19,0.23,916.4,28.54,0.0,-0.09,-1.81
31.85,-0.07,5.32,5.86,-0.0,0.06,0.17,0.21,911.69,28.54,0.0,0.36,-1.69
31.86,-0.09,5.42,5.88,-0.01,0.05,0.14,0.2,904.97,28.55,0.0,0.58,-1.73
31.87,-0.11,5.51,5.9,-0.01,0.04,0.11,0.2,898.09,28.55,0.0,0.58,-1.89
31.88,-0.12,5.57,5.92,0.0,0.03,0.08,0.18,893.88,28.56,0.0,0.43,-2.11
31.89,-0.13,5.6,5.94,0.02,0.03,0.09,0.16,893.98,28.56,0.0,0.25,-2.34
31.9,-0.12,5.62,5.97,0.04,0.04,0.12,0.14,896.84,28.56,0.0,0.05,-2.54
31.91,-0.11,5.62,5.99,0.06,0.05,0.16,0.12,898.14,28.56,0.0,-0.19,-2.68
31.92,-0.12,5.64,6.01,0.07,0.07,0.2,0.12,894.66,28.55,0.0,-0.53,-2.76
31.93,-0.13,5.66,6.02,0.08,0.08,0.24,0.13,887.58,28.55,0.0,-0.9,-2.78
31.94,-0.15,5.68,6.03,0.09,0.1,0.25,0.15,881.42,28.54,0.0,-1.18,-2.72
31.95,-0.16,5.68,6.03,0.08,0.1,0.25,0.18,879.79,28.54,0.0,-1.28,-2.57
31.96,-0.18,5.66,6.04,0.07,0.1,0.24,0.21,882.62,28.53,0.0,-1.2,-2.38
31.97,-0.19,5.65,6.04,0.05,0.09,0.21,0.23,887.15,28.54,0.0,-0.93,-2.24
31.98,-0.19,5.65,6.05,0.03,0.07,0.17,0.23,890.62,28.54,0.0,-0.51,-2.2
31.99,-0.18,5.68,6.06,0.01,0.05,0.13,0.23,892.5,28.55,0.0,-0.06,-2.26
32.0,-0.16,5.71,6.07,-0.0,0.04,0.1,0.21,894.6,28.56,0.0,0.33,-2.39
32.01,-0.13,5.75,6.09,-0.01,0.02,0.08,0.19,898.69,28.56,0.0,0.58,-2.54
32.02,-0.09,5.78,6.11,-0.0,0.01,0.07,0.17,904.43,28.56,0.0,0.68,-2.67
32.03,-0.07,5.8,6.13,0.01,0.01,0.07,0.15,910.07,28.55,0.0,0.58,-2.73
32.04,-0.07,5.81,6.16,0.03,0.01,0.07,0.15,914.16,28.55,0.0,0.31,-2.7
32.05,-0.08,5.81,6.19,0.05,0.02,0.07,0.15,916.39,28.54,0.0,-0.06,-2.61
32.06,-0.1,5.81,6.22,0.07,0.04,0.08,0.15,917.55,28.54,0.0,-0.39,-2.48
32.07,-0.12,5.83,6.24,0.08,0.06,0.09,0.15,918.57,28.55,0.0,-0.63,-2.35
32.08,-0.14,5.84,6.25,0.09,0.09,0.11,0.16,919.69,28.56,0.0,-0.73,-2.24
32.09,-0.14,5.84,6.25,0.09,0.11,0.14,0.17,920.38,28.56,0.0,-0.64,-2.19
32.1,-0.13,5.83,6.24,0.09,0.12,0.18,0.2,920.21,28.57,0.0,-0.38,-2.18
32.11,-0.1,5.79,6.23,0.08,0.12,0.23,0.24,918.77,28.57,0.0,-0.04,-2.23
32.12,-0.08,5.75,6.22,0.06,0.12,0.24,0.26,915.12,28.56,0.0,0.19,-2.34
32.13,-0.06,5.72,6.22,0.04,0.1,0.22,0.27,908.85,28.56,0.0,0.21,-2.5
32.14,-0.06,5.7,6.23,0.02,0.08,0.18,0.26,901.55,28.56,0.0,0.02,-2.68
32.15,-0.05,5.69,6.26,-0.0,0.06,0.12,0.24,896.05,28.55,0.0,-0.28,-2.82
32.16,-0.05,5.71,6.28,-0.01,0.04,0.08,0.21,894.24,28.54,0.0,-0.6,-2.87
32.17,-0.05,5.75,6.31,-0.0,0.02,0.06,0.18,895.7,28.54,0.0,-0.86,-2.84
32.18,-0.05,5.8,6.33,0.01,0.01,0.07,0.16,898.5,28.53,0.0,-0.96,-2.72
32.19,-0.05,5.88,6.36,0.02,0.01,0.09,0.13,900.79,28.53,0.0,-0.88,-2.55
32.2,-0.05,5.95,6.39,0.04,0.03,0.12,0.11,902.03,28.53,0.0,-0.68,-2.37
32.21,-0.06,6.02,6.42,0.06,0.04,0.16,0.1,903.01,28.53,0.0,-0.47,-2.2
32.22,-0.07,6.06,6.44,0.08,0.06,0.19,0.1,904.61,28.54,0.0,-0.31,-2.08
32.23,-0.08,6.08,6.44,0.09,0.08,0.21,0.11,906.39,28.54,0.0,-0.25,-2.02
32.24,-0.1,6.08,6.44,0.09,0.09,0.22,0.13,906.46,28.54,0.0,-0.31,-2.05
32.25,-0.11,6.06,6.44,0.08,0.1,0.23,0.15,903.48,28.55,0.0,-0.47,-2.16
32.26,-0.13,6.04,6.42,0.07,0.09,0.22,0.17,898.78,28.56,0.0,-0.69,-2.33
32.27,-0.14,6.02,6.41,0.06,0.08,0.21,0.19,895.91,28.56,0.0,-0.98,-2.53
32.28,-0.15,6.01,6.41,0.04,0.07,0.19,0.22,897.42,28.56,0.0,-1.3,-2.73
32.29,-0.15,6.01,6.41,0.02,0.06,0.17,0.25,902.2,28.55,0.0,-1.6,-2.87
32.3,-0.14,6.01,6.41,0.0,0.04,0.16,0.26,906.21,28.55,0.0,-1.78,-2.9
32.31,-0.13,6.03,6.43,-0.01,0.03,0.15,0.25,906.23,28.54,0.0,-1.79,-2.76
32.32,-0.12,6.05,6.46,-0.0,0.01,0.15,0.22,902.79,28.54,0.0,-1.63,-2.52
32.33,-0.12,6.07,6.5,0.01,0.01,0.16,0.18,899.46,28.54,0.0,-1.37,-2.28
32.34,-0.13,6.11,6.53,0.02,0.01,0.16,0.15,899.29,28.54,0.0,-1.05,-2.13
32.35,-0.15,6.14,6.56,0.04,0.02,0.16,0.14,902.43,28.54,0.0,-0.75,-2.08
32.36,-0.17,6.17,6.58,0.05,0.03,0.16,0.14,907.01,28.54,0.0,-0.51,-2.1
32.37,-0.17,6.18,6.59,0.06,0.05,0.17,0.16,911.08,28.53,0.0,-0.36,-2.15
32.38,-0.17,6.18,6.59,0.07,0.07,0.18,0.18,913.16,28.53,0.0,-0.31,-2.21
32.39,-0.15,6.14,6.58,0.08,0.08,0.19,0.19,911.98,28.52,0.0,-0.42,-2.32
32.4,-0.14,6.07,6.57,0.08,0.09,0.19,0.2,907.23,28.53,0.0,-0.71,-2.48
32.41,-0.13,5.98,6.57,0.07,0.09,0.19,0.2,900.74,28.53,0.0,-1.06,-2.67
32.42,-0.12,5.92,6.57,0.06,0.09,0.18,0.2,895.61,28.54,0.0,-1.27,-2.79
32.43,-0.12,5.9,6.57,0.04,0.07,0.17,0.21,893.93,28.55,0.0,-1.2,-2.8
32.44,-0.11,5.93,6.58,0.02,0.06,0.15,0.23,895.45,28.55,0.0,-0.9,-2.7
32.45,-0.1,6.0,6.59,0.0,0.05,0.13,0.24,898.27,28.55,0.0,-0.51,-2.54
32.46,-0.1,6.09,6.6,-0.01,0.03,0.11,0.24,900.59,28.56,0.0,-0.16,-2.37
32.47,-0.09,6.18,6.62,-0.0,0.02,0.12,0.23,901.85,28.56,0.0,0.1,-2.24
32.48,-0.08,6.25,6.63,0.01,0.02,0.13,0.21,902.85,28.57,0.0,0.28,-2.19
32.49,-0.05,6.27,6.65,0.03,0.02,0.16,0.18,904.46,28.57,0.0,0.44,-2.24
32.5,-0.03,6.27,6.67,0.04,0.03,0.2,0.15,905.82,28.57,0.0,0.56,-2.36
32.51,-0.01,6.26,6.69,0.06,0.05,0.23,0.14,903.85,28.57,0.0,0.55,-2.5
32.52,-0.03,6.27,6.71,0.07,0.07,0.24,0.14,896.51,28.57,0.0,0.37,-2.62
32.53,-0.07,6.3,6.72,0.08,0.09,0.23,0.15,886.38,28.56,0.0,0.05,-2.71
32.54,-0.12,6.32,6.72,0.09,0.11,0.21,0.17,879.63,28.56,0.0,-0.32,-2.74
32.55,-0.17,6.3,6.72,0.09,0.11,0.19,0.19,880.67,28.56,0.0,-0.66,-2.7
32.56,-0.2,6.25,6.72,0.07,0.11,0.18,0.2,888.1,28.55,0.0,-0.89,-2.62
32.57,-0.21,6.2,6.72,0.06,0.1,0.16,0.22,896.41,28.55,0.0,-0.92,-2.52
32.58,-0.19,6.17,6.73,0.03,0.09,0.14,0.24,900.9,28.55,0.0,-0.73,-2.41
32.59,-0.14,6.17,6.74,0.01,0.07,0.11,0.26,900.77,28.56,0.0,-0.39,-2.32
32.6,-0.09,6.2,6.75,-0.01,0.06,0.08,0.27,898.4,28.56,0.0,-0.04,-2.24
32.61,-0.07,6.26,6.76,-0.01,0.04,0.06,0.25,896.49,28.56,0.0,0.21,-2.16
32.62,-0.06,6.33,6.77,-0.01,0.03,0.05,0.22,896.3,28.56,0.0,0.33,-2.11
32.63,-0.08,6.39,6.79,0.01,0.02,0.05,0.18,897.95,28.56,0.0,0.34,-2.09
32.64,-0.11,6.43,6.8,0.03,0.02,0.06,0.15,900.92,28.56,0.0,0.28,-2.15
32.65,-0.14,6.44,6.81,0.05,0.03,0.08,0.13,904.5,28.56,0.0,0.18,-2.25
32.66,-0.15,6.44,6.82,0.06,0.04,0.09,0.13,908.48,28.57,0.0,0.04,-2.39
32.67,-0.15,6.41,6.83,0.08,0.06,0.09,0.15,912.79,28.57,0.0,-0.16,-2.52
32.68,-0.12,6.38,6.83,0.09,0.08,0.1,0.18,916.72,28.57,0.0,-0.36,-2.63
32.69,-0.1,6.34,6.83,0.09,0.09,0.11,0.21,919.02,28.58,0.0,-0.45,-2.66
32.7,-0.08,6.29,6.82,0.09,0.1,0.14,0.23,919.0,28.58,0.0,-0.37,-2.59
32.71,-0.08,6.24,6.81,0.09,0.11,0.18,0.24,916.73,28.57,0.0,-0.18,-2.45
32.72,-0.09,6.2,6.8,0.07,0.1,0.22,0.25,912.13,28.57,0.0,-0.03,-2.32
32.73,-0.11,6.17,6.79,0.05,0.09,0.24,0.24,905.46,28.57,0.0,-0.04,-2.26
32.74,-0.12,6.16,6.8,0.02,0.07,0.23,0.24,898.56,28.56,0.0,-0.21,-2.26
32.75,-0.13,6.17,6.81,0.0,0.05,0.22,0.23,894.42,28.56,0.0,-0.44,-2.31
32.76,-0.13,6.22,6.84,-0.01,0.03,0.2,0.2,894.82,28.55,0.0,-0.65,-2.38
32.77,-0.12,6.3,6.88,-0.01,0.01,0.18,0.17,898.08,28.54,0.0,-0.78,-2.45
32.78,-0.11,6.37,6.91,0.0,0.01,0.17,0.15,899.48,28.53,0.0,-0.85,-2.52
32.79,-0.1,6.44,6.93,0.01,0.01,0.15,0.15,895.54,28.53,0.0,-0.86,-2.6
32.8,-0.1,6.49,6.95,0.03,0.03,0.13,0.17,887.58,28.53,0.0,-0.82,-2.67
32.81,-0.11,6.52,6.95,0.05,0.05,0.12,0.19,880.55,28.53,0.0,-0.69,-2.68
32.82,-0.13,6.53,6.95,0.06,0.07,0.12,0.2,878.42,28.53,0.0,-0.45,-2.59
32.83,-0.15,6.54,6.94,0.08,0.09,0.12,0.21,881.19,28.54,0.0,-0.16,-2.45
32.84,-0.18,6.53,6.93,0.09,0.1,0.12,0.21,885.97,28.54,0.0,0.05,-2.32
32.85,-0.19,6.5,6.92,0.09,0.11,0.11,0.21,889.84,28.54,0.0,0.07,-2.28
32.86,-0.18,6.46,6.91,0.08,0.1,0.1,0.23,892.11,28.55,0.0,-0.06,-2.31
32.87,-0.17,6.42,6.89,0.06,0.09,0.1,0.24,894.51,28.55,0.0,-0.28,-2.39
32.88,-0.13,6.4,6.88,0.03,0.08,0.13,0.25,898.81,28.55,0.0,-0.51,-2.46
32.89,-0.09,6.39,6.87,0.01,0.07,0.17,0.26,904.15,28.54,0.0,-0.68,-2.51
32.9,-0.06,6.42,6.87,-0.01,0.05,0.21,0.25,907.4,28.54,0.0,-0.71,-2.54
32.91,-0.05,6.47,6.87,-0.02,0.03,0.21,0.23,906.29,28.54,0.0,-0.6,-2.55
32.92,-0.07,6.55,6.89,-0.02,0.02,0.19,0.2,901.96,28.55,0.0,-0.38,-2.56
32.93,-0.1,6.61,6.92,-0.01,0.01,0.15,0.17,898.31,28.55,0.0,-0.13,-2.57
32.94,-0.14,6.66,6.97,0.01,0.01,0.11,0.15,898.4,28.56,0.0,0.09,-2.6
32.95,-0.19,6.68,7.03,0.03,0.01,0.08,0.13,902.16,28.55,0.0,0.25,-2.63
32.96,-0.21,6.65,7.07,0.05,0.03,0.07,0.13,907.3,28.55,0.0,0.36,-2.61
32.97,-0.2,6.58,7.09,0.08,0.05,0.09,0.15,911.58,28.54,0.0,0.45,-2.53
32.98,-0.17,6.49,7.08,0.09,0.07,0.13,0.18,913.6,28.53,0.0,0.47,-2.41
32.99,-0.14,6.42,7.06,0.1,0.09,0.17,0.2,912.39,28.52,0.0,0.3,-2.3
33.0,-0.11,6.38,7.03,0.09,0.09,0.21,0.22,907.92,28.52,0.0,-0.13,-2.26
33.01,-0.1,6.37,7.0,0.08,0.09,0.24,0.22,901.93,28.53,0.0,-0.7,-2.29
33.02,-0.1,6.39,6.98,0.06,0.09,0.24,0.21,897.01,28.54,0.0,-1.16,-2.4
33.03,-0.12,6.4,6.97,0.03,0.07,0.23,0.19,894.92,28.55,0.0,-1.32,-2.56
33.04,-0.14,6.41,6.96,0.01,0.06,0.21,0.18,895.57,28.56,0.0,-1.2,-2.72
33.05,-0.16,6.42,6.97,-0.0,0.05,0.17,0.18,897.65,28.57,0.0,-0.92,-2.84
33.06,-0.15,6.45,6.99,-0.01,0.03,0.11,0.2,899.82,28.57,0.0,-0.62,-2.86
33.07,-0.13,6.5,7.02,-0.01,0.02,0.05,0.24,901.42,28.58,0.0,-0.37,-2.81
33.08,-0.1,6.56,7.06,0.0,0.02,0.01,0.27,902.68,28.58,0.0,-0.1,-2.72
33.09,-0.07,6.63,7.09,0.02,0.02,0.01,0.28,903.98,28.58,0.0,0.23,-2.63
33.1,-0.05,6.7,7.13,0.03,0.02,0.03,0.27,904.54,28.58,0.0,0.6,-2.56
33.11,-0.05,6.75,7.15,0.05,0.04,0.07,0.24,901.76,28.58,0.0,0.87,-2.52
33.12,-0.08,6.78,7.15,0.07,0.05,0.11,0.21,894.04,28.57,0.0,0.97,-2.48
33.13,-0.12,6.79,7.13,0.08,0.07,0.14,0.18,884.05,28.57,0.0,0.9,-2.45
33.14,-0.15,6.78,7.1,0.09,0.08,0.16,0.16,877.91,28.57,0.0,0.71,-2.41
33.15,-0.18,6.77,7.06,0.09,0.09,0.15,0.16,879.84,28.57,0.0,0.47,-2.37
33.16,-0.18,6.76,7.03,0.08,0.09,0.13,0.17,888.18,28.57,0.0,0.25,-2.34
33.17,-0.17,6.74,7.0,0.06,0.09,0.11,0.18,897.14,28.57,0.0,0.12,-2.38
33.18,-0.15,6.74,6.99,0.04,0.08,0.11,0.19,901.86,28.57,0.0,0.1,-2.51
33.19,-0.14,6.73,6.99,0.01,0.07,0.13,0.19,901.62,28.57,0.0,0.15,-2.7
33.2,-0.13,6.72,7.01,-0.0,0.05,0.13,0.19,898.97,28.57,0.0,0.12,-2.86
33.21,-0.14,6.7,7.04,-0.01,0.03,0.12,0.18,896.78,28.57,0.0,-0.09,-2.92
33.22,-0.17,6.67,7.06,-0.01,0.02,0.1,0.16,896.38,28.57,0.0,-0.42,-2.89
33.23,-0.19,6.65,7.09,-0.0,0.01,0.08,0.14,897.83,28.56,0.0,-0.7,-2.79
33.24,-0.19,6.63,7.12,0.01,0.01,0.07,0.13,900.53,28.56,0.0,-0.79,-2.67
33.25,-0.18,6.63,7.14,0.03,0.02,0.08,0.13,903.82,28.56,0.0,-0.72,-2.57
33.26,-0.16,6.61,7.16,0.05,0.03,0.1,0.13,907.62,28.56,0.0,-0.62,-2.5
33.27,-0.13,6.57,7.16,0.07,0.05,0.12,0.13,911.96,28.57,0.0,-0.62,-2.45
33.28,-0.1,6.51,7.14,0.08,0.07,0.12,0.13,916.08,28.58,0.0,-0.69,-2.43
33.29,-0.08,6.47,7.12,0.09,0.09,0.14,0.13,918.65,28.59,0.0,-0.65,-2.48
33.3,-0.06,6.46,7.1,0.09,0.09,0.16,0.13,918.88,28.59,0.0,-0.36,-2.6
33.31,-0.06,6.48,7.09,0.08,0.1,0.18,0.14,917.0,28.59,0.0,0.1,-2.76
33.32,-0.07,6.53,7.08,0.06,0.09,0.19,0.14,913.53,28.58,0.0,0.52,-2.85
33.33,-0.12,6.58,7.08,0.04,0.08,0.18,0.15,909.11,28.57,0.0,0.71,-2.8
33.34,-0.17,6.61,7.08,0.02,0.07,0.13,0.15,904.98,28.55,0.0,0.67,-2.62
33.35,-0.2,6.63,7.09,0.01,0.06,0.09,0.16,902.79,28.54,0.0,0.45,-2.39
33.36,-0.18,6.61,7.12,0.0,0.04,0.07,0.17,903.43,28.53,0.0,0.17,-2.17
33.37,-0.12,6.59,7.14,0.01,0.03,0.07,0.19,905.32,28.52,0.0,-0.09,-2.0
33.38,-0.06,6.6,7.17,0.02,0.02,0.08,0.18,904.52,28.51,0.0,-0.28,-1.91
33.39,-0.03,6.67,7.2,0.04,0.02,0.12,0.16,898.28,28.51,0.0,-0.36,-1.9
33.4,-0.04,6.79,7.21,0.05,0.03,0.15,0.12,888.48,28.5,0.0,-0.35,-1.95
33.41,-0.07,6.9,7.22,0.07,0.04,0.16,0.1,880.31,28.5,0.0,-0.28,-2.07
33.42,-0.14,6.96,7.22,0.08,0.05,0.14,0.09,877.7,28.5,0.0,-0.17,-2.25
33.43,-0.2,6.98,7.22,0.09,0.07,0.1,0.11,880.46,28.5,0.0,-0.04,-2.45
33.44,-0.23,6.96,7.21,0.09,0.09,0.06,0.15,885.45,28.5,0.0,0.03,-2.62
33.45,-0.22,6.92,7.21,0.09,0.09,0.05,0.19,889.55,28.51,0.0,0.03,-2.75
33.46,-0.18,6.87,7.2,0.07,0.09,0.06,0.22,891.96,28.51,0.0,-0.07,-2.82
33.47,-0.14,6.83,7.2,0.06,0.09,0.08,0.24,894.44,28.51,0.0,-0.31,-2.81
33.48,-0.1,6.8,7.21,0.04,0.08,0.09,0.26,898.79,28.52,0.0,-0.7,-2.74
33.49,-0.09,6.78,7.22,0.02,0.06,0.09,0.27,904.59,28.52,0.0,-1.13,-2.62
33.5,-0.09,6.77,7.23,0.0,0.05,0.07,0.27,909.9,28.52,0.0,-1.36,-2.47
33.51,-0.11,6.77,7.24,-0.0,0.03,0.05,0.27,913.16,28.52,0.0,-1.25,-2.32
33.52,-0.13,6.77,7.24,-0.0,0.02,0.02,0.28,914.32,28.52,0.0,-0.86,-2.19
33.53,-0.13,6.78,7.25,0.0,0.01,0.02,0.27,914.73,28.52,0.0,-0.34,-2.13
33.54,-0.12,6.8,7.26,0.02,0.0,0.04,0.24,915.75,28.52,0.0,0.16,-2.16
33.55,-0.09,6.82,7.28,0.03,0.01,0.08,0.19,917.42,28.51,0.0,0.55,-2.27
33.56,-0.07,6.84,7.29,0.05,0.02,0.12,0.15,918.67,28.51,0.0,0.8,-2.41
33.57,-0.07,6.83,7.28,0.07,0.05,0.13,0.13,918.55,28.51,0.0,0.93,-2.56
33.58,-0.08,6.81,7.26,0.08,0.07,0.11,0.14,916.74,28.5,0.0,0.92,-2.68
33.59,-0.11,6.75,7.24,0.09,0.09,0.09,0.16,912.88,28.5,0.0,0.67,-2.74
33.6,-0.14,6.68,7.24,0.09,0.11,0.08,0.2,907.03,28.5,0.0,0.11,-2.72
33.61,-0.17,6.6,7.24,0.08,0.12,0.08,0.24,900.77,28.5,0.0,-0.61,-2.64
33.62,-0.19,6.54,7.25,0.06,0.11,0.08,0.27,896.74,28.51,0.0,-1.23,-2.56
33.63,-0.2,6.51,7.25,0.04,0.1,0.06,0.29,896.53,28.51,0.0,-1.56,-2.5
33.64,-0.2,6.52,7.24,0.01,0.08,0.03,0.29,898.75,28.51,0.0,-1.58,-2.48
33.65,-0.19,6.57,7.23,-0.01,0.06,0.01,0.29,899.3,28.51,0.0,-1.38,-2.5
33.66,-0.16,6.67,7.23,-0.02,0.03,0.0,0.28,895.12,28.51,0.0,-1.08,-2.55
33.67,-0.11,6.78,7.23,-0.02,0.01,0.02,0.26,887.5,28.51,0.0,-0.76,-2.63
33.68,-0.09,6.89,7.24,-0.0,-0.0,0.06,0.25,881.05,28.51,0.0,-0.46,-2.74
33.69,-0.09,6.97,7.25,0.01,-0.01,0.1,0.23,879.38,28.52,0.0,-0.18,-2.88
33.7,-0.12,7.04,7.27,0.03,-0.01,0.14,0.21,882.31,28.52,0.0,0.04,-3.02
33.71,-0.15,7.08,7.29,0.05,0.01,0.16,0.2,886.88,28.53,0.0,0.11,-3.09
33.72,-0.19,7.1,7.29,0.07,0.03,0.18,0.19,890.23,28.53,0.0,-0.03,-3.03
33.73,-0.21,7.1,7.29,0.08,0.05,0.18,0.2,891.85,28.53,0.0,-0.29,-2.87
33.74,-0.2,7.08,7.27,0.09,0.07,0.17,0.21,893.77,28.53,0.0,-0.53,-2.64
33.75,-0.16,7.03,7.25,0.09,0.09,0.16,0.21,897.9,28.53,0.0,-0.64,-2.38
33.76,-0.11,6.96,7.22,0.08,0.1,0.15,0.22,903.33,28.53,0.0,-0.59,-2.15
33.77,-0.07,6.9,7.2,0.06,0.09,0.14,0.22,906.69,28.52,0.0,-0.43,-2.01
33.78,-0.05,6.86,7.19,0.03,0.08,0.13,0.22,905.46,28.52,0.0,-0.21,-1.98
33.79,-0.06,6.84,7.18,0.01,0.07,0.12,0.21,900.93,28.52,0.0,-0.02,-2.06
33.8,-0.09,6.83,7.19,-0.01,0.05,0.09,0.21,897.35,28.51,0.0,0.02,-2.23
33.81,-0.14,6.84,7.2,-0.02,0.03,0.05,0.21,898.14,28.51,0.0,-0.16,-2.45
33.82,-0.18,6.85,7.23,-0.02,0.01,-0.0,0.22,902.99,28.51,0.0,-0.48,-2.66
33.83,-0.19,6.86,7.26,-0.01,0.0,-0.03,0.21,909.12,28.51,0.0,-0.79,-2.81
33.84,-0.18,6.87,7.29,0.01,0.0,-0.03,0.2,913.89,28.51,0.0,-0.97,-2.85
33.85,-0.13,6.87,7.33,0.02,0.01,0.01,0.18,915.83,28.51,0.0,-1.0,-2.81
33.86,-0.09,6.86,7.37,0.04,0.03,0.06,0.15,914.13,28.51,0.0,-0.91,-2.69
33.87,-0.04,6.83,7.4,0.06,0.05,0.11,0.13,909.01,28.52,0.0,-0.77,-2.55
33.88,-0.02,6.78,7.42,0.08,0.07,0.15,0.12,902.39,28.52,0.0,-0.59,-2.4
33.89,-0.03,6.74,7.43,0.09,0.09,0.17,0.12,897.05,28.52,0.0,-0.35,-2.28
33.9,-0.07,6.7,7.42,0.09,0.1,0.15,0.14,894.77,28.52,0.0,-0.01,-2.18
33.91,-0.12,6.67,7.39,0.08,0.1,0.12,0.17,895.39,28.52,0.0,0.34,-2.12
33.92,-0.16,6.67,7.36,0.06,0.1,0.08,0.2,897.42,28.52,0.0,0.54,-2.12
33.93,-0.17,6.69,7.32,0.04,0.09,0.05,0.24,899.37,28.53,0.0,0.48,-2.2
33.94,-0.15,6.73,7.29,0.01,0.08,0.04,0.26,900.72,28.53,0.0,0.21,-2.31
33.95,-0.11,6.78,7.28,-0.0,0.06,0.03,0.27,902.08,28.53,0.0,-0.12,-2.41
33.96,-0.05,6.83,7.29,-0.01,0.04,0.03,0.27,904.15,28.53,0.0,-0.37,-2.46
33.97,-0.01,6.87,7.3,-0.01,0.02,0.02,0.25,905.87,28.53,0.0,-0.48,-2.43
33.98,0.02,6.92,7.33,0.0,0.01,0.01,0.22,904.1,28.52,0.0,-0.44,-2.34
33.99,0.01,6.98,7.36,0.02,0.0,-0.01,0.18,896.76,28.52,0.0,-0.27,-2.17
34.0,-0.02,7.04,7.38,0.03,0.01,-0.03,0.15,886.45,28.51,0.0,-0.07,-1.98
34.01,-0.07,7.08,7.4,0.05,0.02,-0.04,0.13,879.34,28.51,0.0,0.04,-1.84
34.02,-0.12,7.11,7.41,0.07,0.04,-0.03,0.12,879.85,28.51,0.0,-0.02,-1.79
34.03,-0.15,7.1,7.41,0.08,0.06,-0.02,0.13,886.76,28.51,0.0,-0.23,-1.85
34.04,-0.17,7.06,7.4,0.09,0.08,0.01,0.14,894.96,28.52,0.0,-0.53,-2.02
34.05,-0.16,7.0,7.39,0.09,0.09,0.04,0.15,899.95,28.52,0.0,-0.84,-2.28
34.06,-0.14,6.93,7.36,0.07,0.1,0.06,0.16,900.71,28.52,0.0,-1.11,-2.57
34.07,-0.14,6.87,7.34,0.05,0.09,0.08,0.17,899.05,28.52,0.0,-1.31,-2.78
34.08,-0.16,6.84,7.32,0.03,0.08,0.08,0.17,897.24,28.52,0.0,-1.45,-2.88
34.09,-0.22,6.84,7.3,0.01,0.07,0.08,0.18,896.66,28.53,0.0,-1.48,-2.85
34.1,-0.27,6.86,7.29,-0.01,0.05,0.07,0.18,897.94,28.53,0.0,-1.33,-2.74
34.11,-0.29,6.88,7.3,-0.01,0.04,0.06,0.17,901.03,28.53,0.0,-0.93,-2.57
34.12,-0.27,6.9,7.32,-0.01,0.02,0.06,0.15,905.19,28.53,0.0,-0.39,-2.4
34.13,-0.22,6.92,7.35,-0.0,0.01,0.06,0.13,909.83,28.53,0.0,0.16,-2.28
34.14,-0.15,6.93,7.39,0.01,0.01,0.08,0.11,914.56,28.53,0.0,0.59,-2.24
34.15,-0.08,6.94,7.43,0.03,0.01,0.09,0.09,918.46,28.54,0.0,0.86,-2.26
34.16,-0.02,6.94,7.46,0.05,0.02,0.09,0.08,920.21,28.54,0.0,0.96,-2.33
34.17,0.0,6.93,7.49,0.06,0.04,0.06,0.07,919.15,28.54,0.0,0.91,-2.4
34.18,-0.01,6.92,7.51,0.08,0.07,0.02,0.07,915.72,28.53,0.0,0.76,-2.48
34.19,-0.05,6.89,7.51,0.09,0.08,-0.01,0.09,910.47,28.53,0.0,0.47,-2.56
34.2,-0.12,6.86,7.48,0.09,0.1,-0.03,0.12,904.04,28.53,0.0,0.04,-2.66
34.21,-0.2,6.82,7.43,0.08,0.1,-0.03,0.15,898.06,28.53,0.0,-0.48,-2.78
34.22,-0.25,6.79,7.39,0.06,0.1,-0.02,0.19,894.81,28.54,0.0,-0.95,-2.87
34.23,-0.23,6.78,7.35,0.04,0.1,-0.01,0.21,895.52,28.54,0.0,-1.33,-2.93
34.24,-0.17,6.78,7.34,0.02,0.09,-0.01,0.22,898.51,28.54,0.0,-1.57,-2.94
34.25,-0.1,6.8,7.35,0.0,0.08,0.01,0.22,899.54,28.54,0.0,-1.67,-2.89
34.26,-0.05,6.84,7.39,-0.01,0.06,0.03,0.22,895.53,28.54,0.0,-1.66,-2.78
34.27,-0.04,6.88,7.44,-0.01,0.04,0.06,0.2,887.88,28.54,0.0,-1.57,-2.65
34.28,-0.07,6.93,7.48,-0.01,0.02,0.09,0.18,881.27,28.54,0.0,-1.36,-2.53
34.29,-0.13,6.98,7.49,0.0,0.01,0.1,0.15,879.42,28.54,0.0,-1.02,-2.44
34.3,-0.2,7.03,7.49,0.02,0.01,0.09,0.13,882.21,28.53,0.0,-0.61,-2.41
34.31,-0.24,7.07,7.48,0.04,0.02,0.08,0.11,886.69,28.53,0.0,-0.19,-2.48
34.32,-0.24,7.1,7.48,0.06,0.04,0.09,0.09,889.99,28.53,0.0,0.18,-2.67
34.33,-0.2,7.13,7.49,0.08,0.05,0.11,0.09,891.61,28.53,0.0,0.45,-2.89
34.34,-0.15,7.12,7.49,0.09,0.07,0.14,0.1,893.56,28.53,0.0,0.57,-3.01
34.35,-0.11,7.07,7.49,0.1,0.07,0.16,0.12,897.76,28.53,0.0,0.53,-2.95
34.36,-0.08,7.0,7.47,0.09,0.07,0.17,0.14,903.73,28.54,0.0,0.38,-2.72
34.37,-0.08,6.94,7.44,0.07,0.07,0.18,0.16,909.39,28.54,0.0,0.19,-2.44
34.38,-0.11,6.9,7.41,0.05,0.05,0.19,0.18,913.01,28.53,0.0,0.03,-2.2
34.39,-0.14,6.89,7.38,0.03,0.04,0.2,0.19,914.53,28.53,0.0,-0.09,-2.05
34.4,-0.17,6.9,7.36,0.01,0.03,0.2,0.2,915.47,28.53,0.0,-0.26,-2.0
34.41,-0.18,6.94,7.37,-0.0,0.01,0.2,0.2,917.31,28.53,0.0,-0.54,-2.03
34.42,-0.17,6.98,7.39,-0.01,0.0,0.2,0.19,919.91,28.53,0.0,-0.87,-2.12
34.43,-0.14,7.0,7.42,-0.0,-0.01,0.18,0.18,921.8,28.54,0.0,-1.1,-2.28
34.44,-0.12,6.98,7.45,0.01,-0.0,0.14,0.15,921.76,28.54,0.0,-1.13,-2.5
34.45,-0.09,6.94,7.47,0.02,0.0,0.09,0.13,919.47,28.53,0.0,-0.98,-2.74
34.46,-0.07,6.9,7.49,0.04,0.01,0.03,0.11,914.66,28.53,0.0,-0.76,-2.9
34.47,-0.05,6.9,7.49,0.06,0.03,-0.03,0.11,907.54,28.52,0.0,-0.54,-2.92
34.48,-0.04,6.92,7.48,0.08,0.05,-0.08,0.11,899.94,28.53,0.0,-0.39,-2.82
34.49,-0.05,6.92,7.48,0.09,0.07,-0.1,0.12,894.64,28.53,0.0,-0.25,-2.63
34.5,-0.09,6.87,7.49,0.09,0.08,-0.08,0.14,893.31,28.53,0.0,-0.1,-2.38
34.51,-0.14,6.79,7.51,0.08,0.09,-0.03,0.16,895.32,28.53,0.0,0.07,-2.14
34.52,-0.18,6.71,7.52,0.07,0.09,0.02,0.17,898.58,28.53,0.0,0.23,-1.93
34.53,-0.17,6.68,7.54,0.04,0.09,0.04,0.19,901.18,28.53,0.0,0.36,-1.77
34.54,-0.13,6.7,7.54,0.02,0.08,0.05,0.2,902.48,28.54,0.0,0.42,-1.68
34.55,-0.08,6.77,7.54,0.0,0.06,0.03,0.2,903.07,28.54,0.0,0.42,-1.72
34.56,-0.05,6.86,7.53,-0.01,0.04,0.01,0.19,903.76,28.55,0.0,0.34,-1.88
34.57,-0.05,6.96,7.51,-0.01,0.03,-0.01,0.17,904.41,28.55,0.0,0.23,-2.12
34.58,-0.06,7.06,7.49,-0.0,0.01,-0.01,0.16,903.84,28.54,0.0,0.14,-2.36
34.59,-0.09,7.16,7.48,0.01,0.01,0.01,0.15,901.15,28.54,0.0,0.1,-2.52
34.6,-0.12,7.24,7.47,0.02,0.01,0.04,0.14,897.46,28.53,0.0,0.12,-2.58
34.61,-0.12,7.3,7.47,0.04,0.01,0.07,0.13,895.63,28.53,0.0,0.13,-2.54
34.62,-0.08,7.31,7.47,0.05,0.03,0.08,0.12,897.65,28.53,0.0,0.09,-2.42
34.63,-0.02,7.29,7.47,0.07,0.05,0.06,0.12,902.35,28.53,0.0,-0.01,-2.28
34.64,0.02,7.24,7.48,0.08,0.06,0.02,0.12,906.09,28.54,0.0,-0.18,-2.18
34.65,0.02,7.17,7.5,0.09,0.08,-0.01,0.13,906.02,28.54,0.0,-0.43,-2.16
34.66,-0.01,7.09,7.52,0.08,0.09,-0.03,0.15,902.49,28.53,0.0,-0.72,-2.22
34.67,-0.08,7.01,7.53,0.06,0.09,-0.03,0.16,898.13,28.53,0.0,-1.04,-2.33
34.68,-0.17,6.96,7.51,0.04,0.09,-0.01,0.16,895.37,28.53,0.0,-1.36,-2.46
34.69,-0.25,6.92,7.48,0.02,0.08,0.02,0.16,895.04,28.54,0.0,-1.62,-2.57
34.7,-0.29,6.9,7.44,-0.0,0.06,0.05,0.15,896.85,28.55,0.0,-1.66,-2.65
34.71,-0.27,6.89,7.43,-0.02,0.04,0.06,0.15,899.99,28.55,0.0,-1.39,-2.7
34.72,-0.21,6.89,7.43,-0.02,0.02,0.05,0.16,903.1,28.54,0.0,-0.91,-2.71
34.73,-0.14,6.89,7.45,-0.01,0.01,0.02,0.16,904.39,28.54,0.0,-0.38,-2.66
34.74,-0.07,6.88,7.48,0.0,0.0,-0.01,0.15,902.93,28.54,0.0,0.04,-2.54
34.75,-0.02,6.88,7.5,0.02,0.01,-0.04,0.13,899.62,28.55,0.0,0.33,-2.4
34.76,-0.02,6.89,7.52,0.04,0.02,-0.05,0.11,896.62,28.55,0.0,0.51,-2.29
34.77,-0.06,6.92,7.53,0.06,0.03,-0.05,0.09,895.58,28.55,0.0,0.64,-2.24
34.78,-0.12,6.96,7.53,0.08,0.05,-0.04,0.08,896.6,28.55,0.0,0.73,-2.25
34.79,-0.18,7.0,7.53,0.09,0.06,-0.02,0.09,898.64,28.55,0.0,0.64,-2.32
34.8,-0.22,7.01,7.54,0.09,0.07,0.0,0.1,900.63,28.54,0.0,0.29,-2.39
34.81,-0.24,6.99,7.56,0.08,0.07,0.02,0.12,902.09,28.54,0.0,-0.22,-2.48
34.82,-0.21,6.96,7.57,0.07,0.07,0.04,0.14,903.33,28.53,0.0,-0.7,-2.61
34.83,-0.13,6.91,7.56,0.05,0.06,0.06,0.17,904.78,28.53,0.0,-1.03,-2.8
34.84,-0.04,6.86,7.54,0.02,0.05,0.08,0.18,905.54,28.53,0.0,-1.16,-3.01
34.85,0.02,6.86,7.51,0.01,0.04,0.1,0.18,902.87,28.54,0.0,-1.19,-3.14
34.86,0.03,6.93,7.5,-0.01,0.03,0.09,0.17,895.06,28.54,0.0,-1.2,-3.13
34.87,-0.01,7.04,7.5,-0.01,0.01,0.06,0.15,884.76,28.54,0.0,-1.21,-2.99
34.88,-0.07,7.16,7.5,-0.01,-0.0,0.04,0.13,878.02,28.55,0.0,-1.17,-2.79
34.89,-0.13,7.26,7.49,0.0,-0.01,0.05,0.1,879.05,28.55,0.0,-1.03,-2.58
34.9,-0.17,7.31,7.49,0.02,-0.01,0.08,0.08,886.48,28.55,0.0,-0.79,-2.42
34.91,-0.17,7.32,7.49,0.04,0.0,0.13,0.06,895.05,28.54,0.0,-0.47,-2.33
34.92,-0.13,7.3,7.51,0.06,0.02,0.17,0.04,900.24,28.53,0.0,-0.1,-2.31
34.93,-0.08,7.26,7.52,0.08,0.04,0.21,0.03,901.04,28.53,0.0,0.26,-2.35
34.94,-0.05,7.23,7.54,0.09,0.05,0.22,0.03,899.33,28.53,0.0,0.47,-2.42
34.95,-0.07,7.21,7.55,0.1,0.07,0.22,0.04,897.45,28.53,0.0,0.49,-2.49
34.96,-0.14,7.2,7.55,0.09,0.08,0.19,0.05,896.73,28.54,0.0,0.38,-2.56
34.97,-0.21,7.19,7.55,0.07,0.08,0.13,0.08,897.6,28.55,0.0,0.29,-2.6
34.98,-0.27,7.18,7.55,0.05,0.08,0.06,0.13,899.85,28.55,0.0,0.35,-2.64
34.99,-0.29,7.17,7.54,0.02,0.07,-0.02,0.19,903.0,28.55,0.0,0.52,-2.66
35.0,-0.28,7.15,7.54,0.0,0.06,-0.07,0.22,906.97,28.54,0.0,0.61,-2.63
35.01,-0.22,7.14,7.53,-0.01,0.04,-0.07,0.22,911.73,28.54,0.0,0.48,-2.53
35.02,-0.13,7.13,7.53,-0.01,0.02,-0.04,0.19,916.28,28.53,0.0,0.17,-2.39
35.03,-0.06,7.12,7.54,-0.01,0.01,-0.0,0.15,918.93,28.53,0.0,-0.09,-2.28
35.04,-0.0,7.12,7.57,-0.0,0.01,0.0,0.11,918.7,28.53,0.0,-0.13,-2.23
35.05,0.02,7.12,7.61,0.01,0.01,-0.03,0.1,915.82,28.53,0.0,0.04,-2.24
35.06,-0.01,7.09,7.64,0.03,0.02,-0.05,0.1,910.82,28.53,0.0,0.28,-2.29
35.07,-0.07,7.03,7.65,0.05,0.03,-0.06,0.11,904.4,28.53,0.0,0.48,-2.35
35.08,-0.15,6.94,7.64,0.07,0.05,-0.05,0.13,898.27,28.53,0.0,0.58,-2.4
35.09,-0.22,6.86,7.62,0.08,0.06,-0.01,0.14,894.84,28.53,0.0,0.59,-2.46
35.1,-0.24,6.82,7.58,0.09,0.08,0.05,0.15,895.39,28.54,0.0,0.55,-2.56
35.11,-0.22,6.82,7.55,0.08,0.08,0.11,0.16,898.28,28.54,0.0,0.51,-2.67
35.12,-0.18,6.85,7.51,0.06,0.08,0.16,0.16,899.26,28.54,0.0,0.54,-2.72
35.13,-0.15,6.91,7.49,0.04,0.08,0.19,0.16,895.23,28.54,0.0,0.69,-2.66
35.14,-0.12,6.97,7.48,0.02,0.06,0.21,0.15,887.58,28.54,0.0,0.88,-2.51
35.15,-0.13,7.03,7.48,0.0,0.05,0.21,0.14,881.0,28.55,0.0,0.97,-2.33
35.16,-0.18,7.08,7.5,-0.01,0.02,0.18,0.13,879.19,28.55,0.0,0.85,-2.19
35.17,-0.23,7.11,7.53,-0.01,0.01,0.13,0.12,882.03,28.56,0.0,0.57,-2.11
35.18,-0.28,7.14,7.56,-0.0,-0.01,0.07,0.1,886.56,28.56,0.0,0.31,-2.07
35.19,-0.28,7.17,7.6,0.01,-0.01,-0.0,0.09,889.89,28.56,0.0,0.18,-2.06
35.2,-0.24,7.2,7.64,0.02,-0.0,-0.06,0.08,891.52,28.56,0.0,0.19,-2.08
35.21,-0.17,7.22,7.66,0.04,0.01,-0.09,0.07,893.46,28.56,0.0,0.18,-2.15
35.22,-0.06,7.24,7.67,0.06,0.03,-0.07,0.05,897.61,28.56,0.0,0.02,-2.28
35.23,0.04,7.25,7.66,0.08,0.05,-0.02,0.03,903.1,28.56,0.0,-0.25,-2.44
35.24,0.1,7.25,7.65,0.09,0.06,0.05,0.02,906.63,28.56,0.0,-0.46,-2.59
35.25,0.08,7.26,7.64,0.09,0.08,0.1,0.03,905.77,28.55,0.0,-0.48,-2.67
35.26,-0.01,7.26,7.63,0.08,0.08,0.14,0.07,901.61,28.54,0.0,-0.33,-2.68
35.27,-0.12,7.25,7.62,0.07,0.08,0.15,0.11,898.06,28.53,0.0,-0.21,-2.62
35.28,-0.21,7.22,7.6,0.05,0.07,0.16,0.15,898.26,28.53,0.0,-0.27,-2.51
35.29,-0.28,7.16,7.57,0.03,0.06,0.16,0.18,902.12,28.53,0.0,-0.49,-2.38
35.3,-0.28,7.09,7.55,0.01,0.05,0.13,0.19,907.33,28.54,0.0,-0.73,-2.29
35.31,-0.22,7.02,7.53,-0.01,0.03,0.09,0.17,911.64,28.55,0.0,-0.87,-2.26
35.32,-0.12,6.95,7.51,-0.02,0.01,0.03,0.14,913.63,28.55,0.0,-0.85,-2.3
35.33,-0.03,6.91,7.53,-0.01,0.0,-0.02,0.1,912.38,28.55,0.0,-0.65,-2.4
35.34,0.04,6.92,7.57,-0.01,-0.0,-0.06,0.06,907.91,28.56,0.0,-0.28,-2.53
35.35,0.06,6.97,7.63,0.01,0.0,-0.07,0.03,901.91,28.56,0.0,0.14,-2.66
35.36,0.03,7.02,7.67,0.03,0.01,-0.07,0.02,897.0,28.56,0.0,0.43,-2.76
35.37,-0.04,7.05,7.69,0.05,0.03,-0.05,0.04,894.89,28.55,0.0,0.48,-2.82
35.38,-0.14,7.06,7.69,0.08,0.04,-0.02,0.07,895.52,28.55,0.0,0.32,-2.82
35.39,-0.21,7.05,7.67,0.09,0.06,0.02,0.11,897.65,28.55,0.0,0.03,-2.74
35.4,-0.22,7.04,7.65,0.1,0.07,0.06,0.15,899.97,28.55,0.0,-0.28,-2.58
35.41,-0.18,7.03,7.64,0.09,0.08,0.11,0.18,901.83,28.56,0.0,-0.56,-2.38
35.42,-0.13,7.03,7.62,0.07,0.08,0.16,0.19,903.37,28.56,0.0,-0.83,-2.22
35.43,-0.09,7.03,7.58,0.05,0.08,0.21,0.18,904.95,28.57,0.0,-1.13,-2.14
35.44,-0.08,7.04,7.53,0.02,0.07,0.26,0.17,905.69,28.56,0.0,-1.42,-2.14
35.45,-0.09,7.06,7.49,0.0,0.05,0.27,0.14,902.93,28.56,0.0,-1.63,-2.22
35.46,-0.12,7.07,7.48,-0.01,0.03,0.25,0.13,895.0,28.55,0.0,-1.67,-2.36
35.47,-0.15,7.09,7.48,-0.02,0.02,0.19,0.11,884.67,28.55,0.0,-1.57,-2.5
35.48,-0.16,7.12,7.5,-0.02,0.0,0.12,0.1,878.19,28.55,0.0,-1.36,-2.58
35.49,-0.13,7.2,7.52,-0.01,0.0,0.05,0.08,879.88,28.54,0.0,-1.07,-2.56
35.5,-0.08,7.29,7.55,0.01,0.0,0.01,0.06,888.1,28.54,0.0,-0.74,-2.45
35.51,-0.04,7.37,7.58,0.03,0.01,-0.01,0.04,897.02,28.54,0.0,-0.35,-2.33
35.52,-0.03,7.43,7.61,0.05,0.03,-0.02,0.03,901.73,28.54,0.0,0.1,-2.25
35.53,-0.05,7.45,7.65,0.07,0.04,-0.0,0.04,901.46,28.54,0.0,0.55,-2.23
35.54,-0.11,7.42,7.67,0.09,0.05,0.02,0.05,898.79,28.54,0.0,0.84,-2.23
35.55,-0.2,7.33,7.67,0.1,0.06,0.05,0.06,896.64,28.55,0.0,0.89,-2.24
35.56,-0.29,7.22,7.66,0.09,0.07,0.09,0.08,896.33,28.56,0.0,0.74,-2.24
35.57,-0.34,7.1,7.63,0.08,0.07,0.11,0.09,897.96,28.57,0.0,0.53,-2.28
35.58,-0.33,6.99,7.6,0.06,0.07,0.12,0.1,900.93,28.57,0.0,0.36,-2.39
35.59,-0.27,6.9,7.57,0.04,0.06,0.11,0.12,904.52,28.57,0.0,0.28,-2.54
35.6,-0.18,6.85,7.55,0.02,0.05,0.07,0.13,908.54,28.56,0.0,0.26,-2.66
35.61,-0.07,6.81,7.55,0.01,0.03,0.01,0.14,912.94,28.55,0.0,0.25,-2.71
35.62,0.02,6.79,7.55,0.0,0.02,-0.06,0.14,916.96,28.55,0.0,0.22,-2.68
35.63,0.06,6.82,7.57,0.0,0.0,-0.11,0.14,919.25,28.55,0.0,0.17,-2.6
35.64,0.04,6.89,7.59,0.01,-0.0,-0.13,0.13,919.08,28.54,0.0,0.1,-2.5
35.65,-0.02,6.99,7.61,0.02,0.0,-0.11,0.11,916.79,28.54,0.0,0.02,-2.41
35.66,-0.11,7.09,7.63,0.04,0.01,-0.06,0.09,913.12,28.54,0.0,-0.03,-2.32
35.67,-0.18,7.16,7.64,0.06,0.03,0.0,0.07,908.86,28.55,0.0,-0.03,-2.21
35.68,-0.22,7.19,7.64,0.08,0.05,0.07,0.06,905.11,28.55,0.0,0.01,-2.12
35.69,-0.21,7.18,7.64,0.09,0.07,0.12,0.06,903.15,28.55,0.0,0.04,-2.09
35.7,-0.14,7.11,7.65,0.09,0.08,0.16,0.07,903.59,28.56,0.0,0.05,-2.16
35.71,-0.05,7.02,7.66,0.09,0.09,0.17,0.09,904.98,28.55,0.0,0.03,-2.32
35.72,0.02,6.95,7.67,0.07,0.09,0.19,0.11,903.81,28.55,0.0,0.05,-2.51
35.73,0.03,6.93,7.68,0.05,0.08,0.21,0.13,897.67,28.55,0.0,0.13,-2.7
35.74,-0.02,6.96,7.7,0.03,0.07,0.23,0.15,888.39,28.54,0.0,0.24,-2.84
35.75,-0.1,7.02,7.71,0.01,0.06,0.24,0.17,880.85,28.54,0.0,0.27,-2.87
35.76,-0.19,7.11,7.7,0.0,0.04,0.22,0.18,878.69,28.55,0.0,0.17,-2.76
35.77,-0.26,7.2,7.69,-0.01,0.02,0.18,0.17,881.58,28.55,0.0,-0.02,-2.57
35.78,-0.28,7.29,7.68,-0.0,-0.0,0.12,0.15,886.32,28.56,0.0,-0.09,-2.4
35.79,-0.24,7.39,7.67,0.0,-0.01,0.05,0.13,889.84,28.56,0.0,0.11,-2.3
35.8,-0.17,7.48,7.66,0.01,-0.01,-0.02,0.1,891.57,28.57,0.0,0.45,-2.29
35.81,-0.1,7.53,7.66,0.03,-0.0,-0.06,0.08,893.53,28.57,0.0,0.64,-2.34
35.82,-0.08,7.52,7.67,0.05,0.01,-0.06,0.07,897.7,28.57,0.0,0.43,-2.41
35.83,-0.09,7.46,7.68,0.07,0.02,-0.03,0.08,903.64,28.56,0.0,-0.09,-2.48
35.84,-0.14,7.36,7.68,0.09,0.04,0.0,0.1,909.28,28.56,0.0,-0.6,-2.57
35.85,-0.2,7.23,7.65,0.09,0.06,0.02,0.12,912.89,28.55,0.0,-0.83,-2.69
35.86,-0.25,7.11,7.61,0.09,0.08,0.02,0.15,914.34,28.53,0.0,-0.79,-2.83
35.87,-0.27,7.03,7.57,0.07,0.08,0.01,0.18,914.93,28.53,0.0,-0.74,-2.9
35.88,-0.25,7.01,7.54,0.06,0.08,0.02,0.19,916.03,28.53,0.0,-0.9,-2.88
35.89,-0.21,7.03,7.53,0.03,0.07,0.04,0.19,917.7,28.54,0.0,-1.24,-2.76
35.9,-0.15,7.06,7.53,0.02,0.05,0.06,0.18,918.88,28.55,0.0,-1.49,-2.59
35.91,-0.09,7.07,7.55,0.0,0.03,0.08,0.16,918.66,28.56,0.0,-1.44,-2.4
35.92,-0.05,7.07,7.58,-0.01,0.01,0.09,0.14,916.76,28.56,0.0,-1.12,-2.24
35.93,-0.05,7.06,7.62,-0.01,-0.01,0.1,0.12,912.84,28.56,0.0,-0.71,-2.11
35.94,-0.08,7.06,7.65,-0.0,-0.02,0.11,0.1,906.99,28.56,0.0,-0.39,-2.02
35.95,-0.14,7.08,7.68,0.01,-0.02,0.12,0.07,900.77,28.56,0.0,-0.25,-1.98
35.96,-0.19,7.1,7.71,0.03,-0.01,0.13,0.05,896.78,28.56,0.0,-0.26,-2.04
35.97,-0.2,7.1,7.73,0.05,0.0,0.13,0.05,896.57,28.56,0.0,-0.37,-2.22
35.98,-0.18,7.08,7.73,0.07,0.02,0.12,0.07,898.75,28.56,0.0,-0.49,-2.46
35.99,-0.15,7.06,7.72,0.09,0.03,0.11,0.08,899.21,28.56,0.0,-0.54,-2.66
36.0,-0.1,7.04,7.69,0.09,0.05,0.11,0.09,894.9,28.57,0.0,-0.44,-2.76
36.01,-0.07,7.02,7.65,0.08,0.07,0.1,0.1,887.15,28.58,0.0,-0.27,-2.75
36.02,-0.07,7.03,7.6,0.07,0.08,0.1,0.11,880.62,28.58,0.0,-0.15,-2.68
36.03,-0.1,7.07,7.56,0.05,0.08,0.08,0.13,878.95,28.58,0.0,-0.19,-2.58
36.04,-0.15,7.12,7.53,0.03,0.07,0.07,0.16,881.9,28.58,0.0,-0.36,-2.49
36.05,-0.19,7.2,7.51,0.01,0.06,0.07,0.18,886.37,28.58,0.0,-0.55,-2.41
36.06,-0.2,7.29,7.5,0.0,0.04,0.09,0.18,889.38,28.57,0.0,-0.66,-2.33
36.07,-0.19,7.39,7.5,-0.01,0.02,0.12,0.16,890.59,28.56,0.0,-0.7,-2.25
36.08,-0.14,7.45,7.51,-0.01,0.0,0.14,0.12,892.45,28.56,0.0,-0.74,-2.2
36.09,-0.06,7.47,7.52,-0.0,-0.01,0.14,0.09,897.17,28.56,0.0,-0.89,-2.19
36.1,0.03,7.45,7.55,0.01,-0.01,0.12,0.05,903.63,28.56,0.0,-1.09,-2.22
36.11,0.07,7.39,7.57,0.03,-0.0,0.08,0.04,907.92,28.56,0.0,-1.23,-2.32
36.12,0.05,7.32,7.59,0.05,0.01,0.02,0.04,907.14,28.56,0.0,-1.2,-2.5
36.13,-0.03,7.25,7.6,0.07,0.03,-0.02,0.05,902.5,28.55,0.0,-1.04,-2.71
36.14,-0.13,7.2,7.62,0.09,0.05,-0.03,0.07,898.5,28.55,0.0,-0.83,-2.85
36.15,-0.22,7.17,7.64,0.09,0.06,0.02,0.09,898.79,28.55,0.0,-0.68,-2.85
36.16,-0.28,7.16,7.65,0.08,0.08,0.11,0.11,903.24,28.56,0.0,-0.63,-2.72
36.17,-0.29,7.17,7.65,0.07,0.08,0.2,0.12,909.12,28.57,0.0,-0.73,-2.54
36.18,-0.24,7.18,7.62,0.04,0.08,0.26,0.14,913.77,28.58,0.0,-0.97,-2.37
36.19,-0.17,7.18,7.57,0.02,0.07,0.28,0.16,915.69,28.58,0.0,-1.27,-2.25
36.2,-0.09,7.17,7.52,0.01,0.05,0.26,0.18,914.03,28.58,0.0,-1.49,-2.17
36.21,-0.03,7.14,7.51,-0.01,0.03,0.22,0.18,908.98,28.58,0.0,-1.55,-2.12
36.22,0.0,7.1,7.53,-0.01,0.0,0.16,0.18,902.44,28.57,0.0,-1.43,-2.11
36.23,-0.01,7.07,7.58,-0.01,-0.01,0.1,0.17,897.14,28.57,0.0,-1.1,-2.2
36.24,-0.06,7.07,7.64,0.0,-0.02,0.06,0.15,894.85,28.56,0.0,-0.58,-2.43
36.25,-0.13,7.09,7.71,0.01,-0.02,0.02,0.13,895.43,28.56,0.0,0.01,-2.71
36.26,-0.18,7.12,7.77,0.03,-0.01,0.0,0.12,897.44,28.56,0.0,0.47,-2.91
36.27,-0.19,7.16,7.82,0.05,0.01,-0.0,0.1,899.41,28.57,0.0,0.68,-2.93
36.28,-0.16,7.2,7.84,0.07,0.02,0.01,0.08,900.83,28.57,0.0,0.66,-2.8
36.29,-0.11,7.22,7.85,0.09,0.04,0.04,0.08,902.25,28.57,0.0,0.44,-2.58
36.3,-0.08,7.22,7.84,0.09,0.06,0.1,0.1,904.34,28.56,0.0,0.11,-2.38
36.31,-0.07,7.2,7.81,0.09,0.07,0.17,0.14,906.05,28.56,0.0,-0.21,-2.25
36.32,-0.09,7.2,7.78,0.08,0.08,0.23,0.18,904.22,28.55,0.0,-0.4,-2.23
36.33,-0.12,7.24,7.73,0.06,0.08,0.27,0.21,896.81,28.55,0.0,-0.38,-2.33
36.34,-0.15,7.3,7.67,0.04,0.06,0.28,0.22,886.44,28.55,0.0,-0.23,-2.49
36.35,-0.17,7.35,7.63,0.02,0.04,0.25,0.23,879.32,28.55,0.0,-0.12,-2.66
36.36,-0.15,7.36,7.61,-0.0,0.02,0.17,0.23,879.84,28.56,0.0,-0.17,-2.79
36.37,-0.1,7.35,7.62,-0.01,-0.0,0.07,0.23,886.78,28.56,0.0,-0.34,-2.86
36.38,-0.05,7.31,7.64,-0.01,-0.02,-0.02,0.23,894.9,28.56,0.0,-0.42,-2.89
36.39,-0.01,7.27,7.68,-0.01,-0.02,-0.06,0.23,899.66,28.57,0.0,-0.26,-2.91
36.4,-0.0,7.24,7.72,-0.0,-0.01,-0.06,0.22,900.11,28.57,0.0,0.11,-2.91
36.41,-0.03,7.24,7.74,0.01,0.01,-0.04,0.2,898.31,28.57,0.0,0.48,-2.85
36.42,-0.11,7.28,7.75,0.04,0.02,-0.01,0.17,896.68,28.57,0.0,0.7,-2.68
36.43,-0.21,7.34,7.75,0.06,0.04,0.02,0.15,896.44,28.57,0.0,0.73,-2.44
36.44,-0.3,7.39,7.73,0.08,0.05,0.03,0.12,897.78,28.57,0.0,0.64,-2.24
36.45,-0.33,7.4,7.7,0.09,0.07,0.04,0.08,900.3,28.56,0.0,0.51,-2.14
36.46,-0.3,7.38,7.66,0.09,0.09,0.03,0.06,903.5,28.56,0.0,0.41,-2.14
36.47,-0.24,7.32,7.63,0.08,0.09,0.03,0.05,907.39,28.55,0.0,0.33,-2.22
36.48,-0.13,7.23,7.61,0.06,0.09,0.03,0.07,912.04,28.55,0.0,0.27,-2.35
36.49,-0.03,7.13,7.6,0.04,0.09,0.04,0.09,916.52,28.54,0.0,0.22,-2.5
36.5,0.05,7.04,7.6,0.02,0.07,0.05,0.13,919.15,28.54,0.0,0.19,-2.63
36.51,0.07,6.98,7.62,0.01,0.05,0.05,0.15,918.93,28.54,0.0,0.16,-2.73
36.52,0.04,6.95,7.64,-0.0,0.03,0.05,0.17,916.06,28.55,0.0,0.15,-2.79
36.53,-0.02,6.95,7.67,-0.01,0.01,0.05,0.17,911.07,28.55,0.0,0.11,-2.78
36.54,-0.11,6.99,7.71,-0.01,-0.01,0.05,0.16,904.65,28.55,0.0,0.05,-2.68
36.55,-0.19,7.04,7.75,0.0,-0.02,0.04,0.15,898.55,28.54,0.0,-0.05,-2.52
36.56,-0.23,7.09,7.77,0.02,-0.02,0.04,0.14,895.24,28.54,0.0,-0.16,-2.37
36.57,-0.2,7.13,7.76,0.04,-0.01,0.04,0.12,896.04,28.54,0.0,-0.27,-2.25
36.58,-0.12,7.16,7.74,0.07,0.01,0.05,0.11,899.16,28.54,0.0,-0.36,-2.2
36.59,-0.04,7.18,7.69,0.09,0.02,0.05,0.11,900.02,28.54,0.0,-0.38,-2.22
36.6,-0.0,7.19,7.65,0.1,0.04,0.06,0.11,895.3,28.55,0.0,-0.31,-2.31
36.61,-0.02,7.19,7.61,0.09,0.06,0.07,0.11,886.67,28.56,0.0,-0.21,-2.43
36.62,-0.08,7.18,7.59,0.08,0.07,0.08,0.11,879.57,28.56,0.0,-0.18,-2.55
36.63,-0.17,7.15,7.6,0.06,0.07,0.09,0.1,878.23,28.57,0.0,-0.3,-2.63
36.64,-0.26,7.12,7.63,0.04,0.06,0.09,0.1,882.28,28.58,0.0,-0.53,-2.68
36.65,-0.3,7.09,7.66,0.02,0.05,0.09,0.1,887.93,28.58,0.0,-0.74,-2.65
36.66,-0.28,7.09,7.68,0.01,0.03,0.07,0.12,891.65,28.59,0.0,-0.81,-2.56
36.67,-0.21,7.11,7.69,-0.0,0.01,0.05,0.13,892.89,28.59,0.0,-0.78,-2.41
36.68,-0.12,7.16,7.69,-0.0,-0.0,0.03,0.14,894.06,28.59,0.0,-0.76,-2.25
36.69,-0.05,7.24,7.68,0.0,-0.01,0.01,0.13,897.51,28.58,0.0,-0.85,-2.08
36.7,-0.02,7.33,7.67,0.01,-0.0,0.01,0.11,902.57,28.58,0.0,-1.04,-1.95
36.71,-0.03,7.41,7.67,0.03,0.01,0.01,0.09,905.99,28.57,0.0,-1.17,-1.91
36.72,-0.08,7.46,7.67,0.05,0.03,0.0,0.09,905.22,28.57,0.0,-1.15,-1.99
36.73,-0.16,7.49,7.68,0.07,0.05,-0.01,0.1,901.27,28.57,0.0,-1.01,-2.17
36.74,-0.23,7.48,7.7,0.09,0.06,-0.01,0.12,897.95,28.57,0.0,-0.87,-2.4
36.75,-0.26,7.42,7.71,0.1,0.08,-0.02,0.12,898.35,28.58,0.0,-0.84,-2.65
36.76,-0.26,7.34,7.72,0.09,0.09,-0.01,0.12,902.36,28.59,0.0,-0.93,-2.86
36.77,-0.22,7.24,7.71,0.08,0.1,-0.01,0.11,907.65,28.6,0.0,-1.05,-2.98
36.78,-0.15,7.11,7.68,0.06,0.09,-0.01,0.11,911.94,28.6,0.0,-1.11,-2.99
36.79,-0.07,6.99,7.63,0.04,0.08,-0.02,0.12,913.86,28.6,0.0,-1.1,-2.9
36.8,-0.02,6.92,7.59,0.02,0.07,-0.03,0.13,912.54,28.59,0.0,-1.07,-2.74
36.81,-0.0,6.92,7.57,0.0,0.05,-0.03,0.14,908.02,28.59,0.0,-1.07,-2.55
36.82,-0.02,6.98,7.58,-0.0,0.03,-0.03,0.15,902.04,28.58,0.0,-1.07,-2.37
36.83,-0.06,7.06,7.61,-0.01,0.01,-0.03,0.14,897.17,28.58,0.0,-0.9,-2.23
36.84,-0.11,7.12,7.64,-0.0,-0.0,-0.03,0.12,895.11,28.58,0.0,-0.49,-2.17
36.85,-0.15,7.16,7.69,0.01,-0.0,-0.04,0.09,895.77,28.59,0.0,0.09,-2.19
36.86,-0.17,7.18,7.73,0.03,0.0,-0.05,0.06,897.93,28.59,0.0,0.61,-2.27
36.87,-0.14,7.18,7.77,0.05,0.01,-0.04,0.05,900.28,28.6,0.0,0.93,-2.44
36.88,-0.08,7.19,7.8,0.07,0.03,-0.02,0.04,902.15,28.6,0.0,0.99,-2.62
36.89,-0.04,7.18,7.81,0.09,0.05,0.02,0.06,903.68,28.6,0.0,0.84,-2.76
36.9,-0.04,7.18,7.81,0.09,0.06,0.08,0.09,905.24,28.59,0.0,0.54,-2.8
36.91,-0.08,7.17,7.79,0.09,0.08,0.14,0.13,906.38,28.58,0.0,0.2,-2.75
36.92,-0.14,7.16,7.76,0.08,0.09,0.18,0.16,905.58,28.57,0.0,-0.06,-2.64
36.93,-0.19,7.16,7.73,0.06,0.09,0.17,0.18,901.87,28.56,0.0,-0.19,-2.51
36.94,-0.22,7.17,7.7,0.04,0.08,0.13,0.18,896.81,28.56,0.0,-0.21,-2.4
36.95,-0.2,7.2,7.67,0.02,0.07,0.07,0.18,893.97,28.56,0.0,-0.27,-2.32
36.96,-0.12,7.25,7.65,0.01,0.04,0.02,0.17,895.86,28.56,0.0,-0.45,-2.29
36.97,-0.02,7.31,7.64,-0.0,0.02,-0.03,0.15,901.16,28.57,0.0,-0.69,-2.31
36.98,0.06,7.38,7.64,-0.01,-0.0,-0.05,0.14,905.64,28.58,0.0,-0.78,-2.4
36.99,0.08,7.44,7.65,-0.0,-0.01,-0.06,0.11,905.91,28.58,0.0,-0.54,-2.57
37.0,0.03,7.48,7.68,0.01,-0.01,-0.05,0.08,902.27,28.58,0.0,-0.04,-2.77
37.01,-0.05,7.48,7.72,0.03,0.0,-0.02,0.06,897.68,28.57,0.0,0.53,-2.9
37.02,-0.16,7.43,7.75,0.05,0.02,0.02,0.04,894.88,28.57,0.0,0.99,-2.9
37.03,-0.25,7.34,7.78,0.07,0.03,0.07,0.03,894.79,28.57,0.0,1.27,-2.78
37.04,-0.29,7.25,7.8,0.09,0.05,0.11,0.02,897.02,28.57,0.0,1.38,-2.6
37.05,-0.28,7.16,7.82,0.09,0.07,0.12,0.03,900.62,28.56,0.0,1.38,-2.41
37.06,-0.22,7.09,7.84,0.09,0.08,0.11,0.04,904.03,28.55,0.0,1.31,-2.26
37.07,-0.14,7.04,7.85,0.08,0.09,0.09,0.06,905.25,28.54,0.0,1.13,-2.17
37.08,-0.07,7.0,7.84,0.06,0.09,0.07,0.1,903.22,28.54,0.0,0.84,-2.15
37.09,-0.03,6.97,7.83,0.05,0.08,0.05,0.13,899.1,28.54,0.0,0.5,-2.17
37.1,-0.03,6.97,7.8,0.03,0.06,0.06,0.16,895.61,28.55,0.0,0.24,-2.25
37.11,-0.07,7.01,7.77,0.01,0.04,0.08,0.18,894.78,28.56,0.0,0.14,-2.36
37.12,-0.13,7.07,7.74,-0.0,0.02,0.12,0.18,896.52,28.57,0.0,0.15,-2.49
37.13,-0.18,7.15,7.72,-0.01,0.0,0.14,0.17,899.23,28.57,0.0,0.1,-2.61
37.14,-0.19,7.23,7.71,-0.01,-0.01,0.11,0.16,901.34,28.57,0.0,-0.13,-2.72
37.15,-0.18,7.29,7.71,0.0,-0.0,0.05,0.15,902.37,28.56,0.0,-0.5,-2.8
37.16,-0.14,7.3,7.73,0.02,0.0,0.0,0.15,902.87,28.56,0.0,-0.77,-2.82
37.17,-0.09,7.26,7.76,0.04,0.02,-0.01,0.14,903.57,28.55,0.0,-0.78,-2.78
37.18,-0.05,7.18,7.8,0.06,0.03,0.0,0.13,903.86,28.55,0.0,-0.56,-2.7
37.19,-0.05,7.12,7.82,0.07,0.05,0.03,0.13,901.32,28.56,0.0,-0.27,-2.6
37.2,-0.08,7.09,7.83,0.08,0.06,0.04,0.12,894.33,28.56,0.0,-0.05,-2.5
37.21,-0.15,7.11,7.82,0.07,0.08,0.03,0.13,885.25,28.57,0.0,0.04,-2.4
37.22,-0.2,7.16,7.78,0.07,0.08,0.02,0.14,879.57,28.58,0.0,0.05,-2.32
37.23,-0.23,7.21,7.73,0.05,0.08,0.02,0.17,881.1,28.58,0.0,0.05,-2.25
37.24,-0.21,7.26,7.68,0.04,0.07,0.03,0.21,888.41,28.58,0.0,0.06,-2.2
37.25,-0.17,7.29,7.65,0.02,0.06,0.04,0.24,896.36,28.58,0.0,0.06,-2.22
37.26,-0.11,7.32,7.65,0.01,0.04,0.03,0.25,900.63,28.58,0.0,0.01,-2.35
37.27,-0.06,7.34,7.68,-0.01,0.02,0.02,0.23,900.53,28.58,0.0,0.46,-2.53
37.28,-0.03,7.37,7.74,-0.01,0.01,0.01,0.2,898.27,28.57,0.0,2.87,-2.67
37.29,-0.06,7.4,7.8,-0.01,0.01,0.01,0.15,896.37,28.57,0.0,8.14,-2.68
37.3,-0.12,7.43,7.86,0.0,0.01,0.03,0.11,896.06,28.58,0.0,15.26,-2.59
37.31,-0.19,7.45,7.9,0.02,0.02,0.04,0.07,897.46,28.58,0.0,22.34,-2.45
37.32,-0.24,7.44,7.91,0.05,0.03,0.02,0.04,900.11,28.58,0.0,27.97,-2.33
37.33,-0.26,7.42,7.9,0.07,0.04,-0.02,0.03,903.45,28.58,0.0,31.53,-2.26
37.34,-0.23,7.39,7.87,0.09,0.06,-0.05,0.03,907.46,28.58,0.0,33.14,-2.23
37.35,-0.16,7.37,7.84,0.09,0.07,-0.03,0.04,912.17,28.58,0.0,33.34,-2.23
37.36,-0.07,7.34,7.81,0.09,0.09,0.01,0.05,916.66,28.58,0.0,33.34,-2.26
37.37,-0.0,7.29,7.78,0.08,0.1,0.06,0.08,919.25,28.59,0.0,35.13,-2.34
37.38,0.03,7.23,7.75,0.06,0.09,0.1,0.12,918.96,28.59,0.0,39.95,-2.49
37.39,0.01,7.14,7.72,0.04,0.08,0.12,0.16,916.04,28.6,0.0,46.89,-2.68
37.4,-0.05,7.06,7.7,0.02,0.07,0.12,0.19,911.01,28.6,0.0,53.98,-2.82
37.41,-0.13,6.98,7.69,0.01,0.04,0.12,0.19,904.59,28.59,0.0,59.69,-2.87
37.42,-0.2,6.92,7.69,-0.0,0.02,0.12,0.17,898.51,28.58,0.0,63.36,-2.82
37.43,-0.24,6.91,7.71,-0.01,0.0,0.12,0.15,895.23,28.58,0.0,65.12,-2.68
37.44,-0.24,6.95,7.74,-0.01,-0.0,0.11,0.14,896.05,28.58,0.0,65.57,-2.47
37.45,-0.19,7.03,7.76,0.01,-0.0,0.08,0.13,899.17,28.58,0.0,65.88,-2.26
37.46,-0.12,7.12,7.77,0.02,0.0,0.07,0.13,900.0,28.59,0.0,68.05,-2.11
37.47,-0.06,7.22,7.77,0.04,0.02,0.07,0.13,895.23,28.6,0.0,73.29,-2.05
37.48,-0.03,7.3,7.74,0.07,0.03,0.1,0.12,886.55,28.6,0.0,80.61,-2.08
37.49,-0.04,7.34,7.7,0.08,0.05,0.14,0.11,879.42,28.6,0.0,88.04,-2.17
37.5,-0.11,7.33,7.67,0.09,0.07,0.17,0.09,878.08,28.6,0.0,94.02,-2.29
37.51,-0.21,7.3,7.64,0.09,0.08,0.2,0.08,882.14,28.6,0.0,97.82,-2.41
37.52,-0.29,7.26,7.62,0.08,0.09,0.19,0.09,887.82,28.59,0.0,99.45,-2.53
37.53,-0.32,7.22,7.63,0.06,0.09,0.14,0.12,891.56,28.58,0.0,99.42,-2.65
37.54,-0.29,7.19,7.64,0.05,0.09,0.05,0.16,892.81,28.58,0.0,99.05,-2.73
37.55,-0.21,7.19,7.66,0.03,0.07,-0.02,0.19,893.98,28.58,0.0,100.62,-2.74
37.56,-0.1,7.2,7.69,0.01,0.05,-0.06,0.21,897.43,28.58,0.0,105.52,-2.63
37.57,0.01,7.23,7.71,-0.0,0.02,-0.06,0.21,902.48,28.58,0.0,112.82,-2.44
37.58,0.07,7.29,7.73,-0.01,-0.0,-0.05,0.19,905.89,28.58,0.0,120.46,-2.24
37.59,0.06,7.37,7.74,-0.0,-0.02,-0.03,0.16,905.14,28.59,0.0,126.78,-2.09
37.6,-0.01,7.46,7.73,0.01,-0.02,-0.02,0.12,901.18,28.59,0.0,130.96,-2.01
37.61,-0.1,7.53,7.72,0.03,-0.02,-0.0,0.09,897.78,28.59,0.0,132.97,-2.02
37.62,-0.18,7.54,7.68,0.05,-0.0,0.01,0.05,898.0,28.59,0.0,133.3,-2.1
37.63,-0.22,7.51,7.63,0.08,0.02,0.04,0.02,901.78,28.58,0.0,133.23,-2.24
37.64,-0.22,7.42,7.59,0.09,0.04,0.06,0.01,906.88,28.58,0.0,134.91,-2.39
37.65,-0.17,7.28,7.57,0.1,0.06,0.07,0.01,911.13,28.57,0.0,139.67,-2.53
37.66,-0.1,7.13,7.57,0.1,0.08,0.08,0.03,913.14,28.57,0.0,146.62,-2.64
37.67,-0.03,7.0,7.59,0.1,0.09,0.08,0.06,911.99,28.57,0.0,153.82,-2.69
37.68,0.01,6.92,7.61,0.08,0.09,0.07,0.09,907.69,28.57,0.0,159.7,-2.67
37.69,0.03,6.88,7.64,0.06,0.08,0.06,0.13,901.88,28.56,0.0,163.5,-2.6
37.7,0.0,6.88,7.65,0.04,0.07,0.05,0.15,897.12,28.57,0.0,165.25,-2.49
37.71,-0.06,6.9,7.64,0.02,0.05,0.04,0.16,895.08,28.57,0.0,165.47,-2.38
37.72,-0.13,6.94,7.62,0.0,0.03,0.03,0.16,895.69,28.58,0.0,165.39,-2.3
37.73,-0.17,7.0,7.6,-0.01,0.01,0.03,0.15,897.71,28.59,0.0,167.08,-2.28
37.74,-0.17,7.07,7.6,-0.01,0.01,0.02,0.14,899.86,28.59,0.0,171.83,-2.33
37.75,-0.13,7.16,7.61,0.0,0.01,0.02,0.13,901.49,28.58,0.0,178.7,-2.45
37.76,-0.07,7.24,7.63,0.02,0.01,0.03,0.13,902.77,28.58,0.0,185.66,-2.58
37.77,-0.04,7.29,7.65,0.04,0.02,0.04,0.13,904.07,28.57,0.0,191.1,-2.7
37.78,-0.03,7.31,7.66,0.07,0.04,0.05,0.14,904.64,28.56,0.0,194.38,-2.8
37.79,-0.05,7.31,7.67,0.08,0.06,0.07,0.15,902.09,28.56,0.0,195.73,-2.87
37.8,-0.1,7.3,7.7,0.09,0.07,0.1,0.15,894.92,28.56,0.0,195.8,-2.91
37.81,-0.17,7.29,7.74,0.09,0.09,0.13,0.15,885.6,28.55,0.0,195.83,-2.92
37.82,-0.2,7.28,7.77,0.08,0.1,0.15,0.15,879.72,28.56,0.0,197.81,-2.88
37.83,-0.19,7.29,7.77,0.06,0.09,0.16,0.16,881.13,28.56,0.0,202.94,-2.78
37.84,-0.14,7.31,7.75,0.05,0.09,0.16,0.18,888.4,28.56,0.0,210.21,-2.65
37.85,-0.08,7.34,7.72,0.03,0.07,0.16,0.21,896.35,28.57,0.0,217.58,-2.51
37.86,-0.03,7.38,7.71,0.01,0.05,0.18,0.22,900.62,28.58,0.0,223.48,-2.38
37.87,-0.02,7.42,7.71,-0.0,0.03,0.21,0.22,900.5,28.58,0.0,227.15,-2.31
37.88,-0.05,7.44,7.71,-0.01,0.01,0.22,0.2,898.23,28.58,0.0,228.58,-2.32
37.89,-0.13,7.44,7.72,-0.01,-0.0,0.2,0.19,896.35,28.58,0.0,228.3,-2.43
37.9,-0.22,7.42,7.72,0.01,-0.0,0.15,0.16,896.06,28.58,0.0,227.08,-2.6
37.91,-0.29,7.38,7.73,0.02,0.0,0.1,0.14,897.5,28.58,0.0,225.66,-2.77
37.92,-0.3,7.33,7.74,0.05,0.01,0.05,0.12,900.17,28.59,0.0,224.52,-2.88
37.93,-0.27,7.27,7.75,0.07,0.03,0.03,0.1,903.59,28.6,0.0,223.89,-2.91
37.94,-0.21,7.2,7.75,0.09,0.05,0.03,0.08,907.93,28.6,0.0,223.82,-2.87
37.95,-0.13,7.11,7.74,0.09,0.07,0.05,0.07,913.36,28.61,0.0,224.25,-2.77
37.96,-0.06,7.02,7.72,0.09,0.09,0.07,0.06,918.77,28.61,0.0,224.9,-2.64
37.97,-0.02,6.95,7.69,0.08,0.1,0.1,0.08,922.03,28.61,0.0,225.43,-2.51
37.98,-0.03,6.94,7.66,0.06,0.1,0.14,0.11,921.86,28.61,0.0,225.62,-2.4
37.99,-0.08,6.96,7.64,0.04,0.09,0.17,0.15,918.69,28.6,0.0,225.46,-2.32
38.0,-0.15,7.01,7.63,0.02,0.07,0.19,0.19,913.77,28.6,0.0,225.09,-2.3
38.01,-0.21,7.06,7.64,0.01,0.05,0.19,0.19,908.32,28.59,0.0,224.64,-2.36
38.02,-0.25,7.1,7.66,-0.01,0.03,0.17,0.16,903.8,28.59,0.0,224.28,-2.46
38.03,-0.24,7.13,7.69,-0.01,0.01,0.14,0.12,901.69,28.59,0.0,224.22,-2.54
38.04,-0.15,7.14,7.72,-0.01,0.0,0.07,0.08,902.63,28.59,0.0,224.56,-2.55
38.05,-0.02,7.15,7.75,0.0,0.0,-0.0,0.06,904.81,28.6,0.0,225.13,-2.5
38.06,0.08,7.17,7.78,0.02,0.01,-0.05,0.05,904.09,28.6,0.0,225.67,-2.41
38.07,0.1,7.2,7.82,0.04,0.01,-0.06,0.05,897.61,28.6,0.0,225.94,-2.32
38.08,0.04,7.24,7.86,0.07,0.02,-0.02,0.06,887.49,28.6,0.0,226.3,-2.26
38.09,-0.07,7.29,7.89,0.08,0.03,0.03,0.08,879.38,28.6,0.0,227.87,-2.2
38.1,-0.19,7.32,7.9,0.09,0.05,0.09,0.1,877.56,28.6,0.0,231.38,-2.12
38.11,-0.28,7.34,7.88,0.09,0.07,0.13,0.13,881.52,28.6,0.0,236.43,-2.06
38.12,-0.31,7.36,7.84,0.08,0.08,0.15,0.15,887.31,28.6,0.0,242.36,-2.07
38.13,-0.27,7.38,7.77,0.07,0.08,0.15,0.16,891.24,28.61,0.0,248.54,-2.2
38.14,-0.19,7.41,7.7,0.05,0.08,0.13,0.17,892.65,28.61,0.0,254.03,-2.41
38.15,-0.1,7.42,7.64,0.03,0.07,0.09,0.18,893.93,28.6,0.0,257.95,-2.64
38.16,-0.06,7.4,7.62,0.02,0.05,0.05,0.18,897.44,28.6,0.0,259.99,-2.83
38.17,-0.06,7.36,7.62,0.0,0.02,0.01,0.19,902.96,28.59,0.0,260.48,-2.93
38.18,-0.1,7.31,7.63,-0.01,-0.0,-0.03,0.18,908.49,28.59,0.0,260.14,-2.94
38.19,-0.14,7.27,7.66,-0.01,-0.02,-0.05,0.16,912.24,28.59,0.0,259.65,-2.85
38.2,-0.17,7.24,7.68,0.0,-0.02,-0.06,0.13,913.97,28.6,0.0,259.37,-2.71
38.21,-0.18,7.23,7.7,0.02,-0.01,-0.04,0.1,914.87,28.6,0.0,259.37,-2.53
38.22,-0.15,7.24,7.73,0.04,-0.0,0.03,0.08,916.21,28.6,0.0,259.58,-2.34
38.23,-0.11,7.26,7.76,0.06,0.01,0.11,0.06,918.05,28.6,0.0,259.83,-2.17
38.24,-0.07,7.27,7.79,0.08,0.03,0.18,0.06,919.31,28.59,0.0,259.9,-2.09
38.25,-0.03,7.25,7.82,0.09,0.05,0.21,0.07,919.1,28.58,0.0,259.64,-2.11
38.26,-0.03,7.21,7.84,0.09,0.06,0.21,0.1,917.16,28.57,0.0,259.34,-2.22
38.27,-0.05,7.16,7.85,0.08,0.07,0.17,0.12,913.21,28.57,0.0,259.76,-2.39
38.28,-0.12,7.11,7.85,0.07,0.08,0.13,0.15,907.36,28.57,0.0,261.42,-2.58
38.29,-0.2,7.07,7.83,0.05,0.07,0.09,0.18,901.17,28.58,0.0,264.26,-2.75
38.3,-0.27,7.03,7.8,0.04,0.06,0.06,0.2,897.19,28.6,0.0,268.38,-2.84
38.31,-0.29,7.0,7.77,0.02,0.04,0.05,0.19,896.96,28.61,0.0,273.66,-2.83
38.32,-0.28,6.99,7.74,0.0,0.02,0.05,0.18,899.07,28.61,0.0,279.16,-2.73
38.33,-0.22,7.01,7.72,-0.0,0.0,0.05,0.15,899.45,28.61,0.0,283.69,-2.6
38.34,-0.13,7.06,7.71,-0.0,-0.01,0.02,0.13,895.05,28.61,0.0,286.55,-2.47
38.35,-0.04,7.14,7.7,0.01,-0.01,-0.02,0.1,887.23,28.6,0.0,288.02,-2.37
38.36,0.01,7.23,7.71,0.02,-0.0,-0.06,0.09,880.64,28.59,0.0,289.28,-2.29
38.37,0.0,7.31,7.73,0.04,0.0,-0.07,0.08,878.93,28.58,0.0,291.35,-2.25
38.38,-0.06,7.38,7.76,0.06,0.02,-0.06,0.08,881.87,28.57,0.0,294.41,-2.25
38.39,-0.14,7.43,7.79,0.08,0.03,-0.03,0.07,886.31,28.56,0.0,298.29,-2.34
38.4,-0.22,7.47,7.8,0.09,0.04,0.0,0.06,889.28,28.57,0.0,302.71,-2.57
38.41,-0.27,7.5,7.79,0.09,0.06,0.04,0.05,890.45,28.57,0.0,306.98,-2.87
38.42,-0.26,7.5,7.76,0.08,0.07,0.06,0.06,892.29,28.57,0.0,310.41,-3.1
38.43,-0.18,7.46,7.72,0.07,0.07,0.06,0.08,897.01,28.58,0.0,312.7,-3.17
38.44,-0.06,7.39,7.68,0.05,0.06,0.06,0.11,903.49,28.58,0.0,314.19,-3.08
38.45,0.04,7.32,7.65,0.03,0.05,0.05,0.14,907.79,28.59,0.0,315.94,-2.91
38.46,0.07,7.25,7.64,0.01,0.04,0.06,0.14,907.0,28.59,0.0,318.78,-2.73
38.47,0.05,7.21,7.65,-0.01,0.03,0.07,0.13,902.25,28.6,0.0,322.58,-2.57
38.48,-0.02,7.2,7.66,-0.02,0.01,0.09,0.12,897.84,28.6,0.0,326.83,-2.47
38.49,-0.11,7.24,7.68,-0.02,0.0,0.12,0.12,897.32,28.6,0.0,331.05,-2.41
38.5,-0.2,7.3,7.7,-0.0,-0.0,0.14,0.14,900.82,28.59,0.0,334.67,-2.4
38.51,-0.25,7.35,7.72,0.02,-0.0,0.16,0.15,906.09,28.59,0.0,337.23,-2.43
38.52,-0.25,7.4,7.74,0.04,0.01,0.16,0.16,910.85,28.59,0.0,338.66,-2.53
38.53,-0.2,7.41,7.77,0.06,0.02,0.14,0.14,913.43,28.59,0.0,339.57,-2.65
38.54,-0.14,7.38,7.79,0.08,0.04,0.12,0.12,912.54,28.6,0.0,341.39,-2.8
38.55,-0.07,7.32,7.79,0.09,0.06,0.08,0.09,907.96,28.61,0.0,345.15,-2.94
38.56,-0.01,7.24,7.78,0.09,0.08,0.05,0.07,901.55,28.62,0.0,350.35,-3.04
38.57,0.0,7.16,7.76,0.08,0.1,0.02,0.06,896.37,28.62,0.0,355.78,-3.05
38.58,-0.04,7.08,7.75,0.07,0.1,0.02,0.09,894.49,28.62,0.0,360.46,-2.93
38.59,-0.11,7.03,7.75,0.06,0.09,0.03,0.12,895.75,28.6,0.0,363.79,-2.72
38.6,-0.16,7.02,7.76,0.04,0.07,0.03,0.16,898.48,28.59,0.0,365.54,-2.48
38.61,-0.18,7.06,7.78,0.02,0.05,0.03,0.18,901.03,28.59,0.0,365.94,-2.27
38.62,-0.15,7.12,7.8,0.0,0.03,0.0,0.19,902.66,28.58,0.0,365.91,-2.12
38.63,-0.11,7.2,7.83,-0.01,0.01,-0.03,0.18,903.66,28.58,0.0,367.16,-2.04
38.64,-0.06,7.27,7.85,-0.01,-0.0,-0.06,0.17,904.56,28.58,0.0,370.81,-2.02
38.65,-0.03,7.32,7.88,-0.0,-0.01,-0.08,0.15,904.77,28.58,0.0,376.26,-2.05
38.66,-0.03,7.38,7.88,0.02,-0.0,-0.08,0.13,901.96,28.58,0.0,382.13,-2.16
38.67,-0.07,7.44,7.87,0.04,0.0,-0.05,0.11,894.66,28.59,0.0,387.28,-2.38
38.68,-0.13,7.49,7.84,0.06,0.02,-0.0,0.09,885.31,28.6,0.0,391.0,-2.64
38.69,-0.18,7.53,7.8,0.08,0.03,0.05,0.09,879.46,28.62,0.0,393.15,-2.82
38.7,-0.21,7.51,7.77,0.09,0.05,0.09,0.09,880.95,28.63,0.0,393.98,-2.86
38.71,-0.22,7.46,7.75,0.09,0.07,0.11,0.11,888.3,28.64,0.0,394.38,-2.76
38.72,-0.2,7.39,7.73,0.08,0.09,0.12,0.13,896.32,28.64,0.0,395.95,-2.58
38.73,-0.17,7.31,7.7,0.07,0.09,0.13,0.15,900.64,28.64,0.0,399.7,-2.38
38.74,-0.15,7.25,7.68,0.06,0.09,0.14,0.16,900.55,28.63,0.0,405.07,-2.2
38.75,-0.15,7.22,7.67,0.04,0.08,0.15,0.17,898.29,28.63,0.0,410.78,-2.08
38.76,-0.19,7.23,7.67,0.02,0.06,0.15,0.16,896.42,28.62,0.0,415.78,-2.05
38.77,-0.25,7.28,7.69,0.01,0.03,0.14,0.15,896.14,28.61,0.0,419.4,-2.07
38.78,-0.3,7.35,7.71,-0.0,0.01,0.13,0.13,897.57,28.61,0.0,421.4,-2.16
38.79,-0.33,7.42,7.73,-0.0,-0.0,0.11,0.12,900.24,28.61,0.0,422.01,-2.3
38.8,-0.31,7.48,7.75,0.0,-0.01,0.08,0.1,903.64,28.61,0.0,422.15,-2.46
38.81,-0.26,7.5,7.77,0.01,-0.0,0.05,0.07,907.97,28.62,0.0,423.54,-2.57
38.82,-0.17,7.47,7.79,0.03,0.01,0.0,0.04,913.42,28.62,0.0,427.29,-2.62
38.83,-0.07,7.41,7.82,0.06,0.02,-0.05,0.01,918.86,28.61,0.0,432.77,-2.59
38.84,-0.0,7.32,7.84,0.07,0.04,-0.08,-0.0,922.15,28.61,0.0,438.46,-2.49
38.85,0.03,7.22,7.84,0.08,0.06,-0.1,0.01,921.97,28.6,0.0,443.15,-2.36
38.86,0.02,7.13,7.83,0.08,0.08,-0.09,0.05,918.62,28.6,0.0,446.22,-2.23
38.87,-0.04,7.06,7.81,0.08,0.09,-0.06,0.08,912.87,28.6,0.0,447.7,-2.15
38.88,-0.14,7.02,7.78,0.07,0.09,0.0,0.11,905.69,28.6,0.0,447.99,-2.15
38.89,-0.25,7.0,7.75,0.06,0.08,0.07,0.12,898.99,28.6,0.0,447.62,-2.21
38.9,-0.3,7.0,7.73,0.04,0.07,0.11,0.12,895.29,28.61,0.0,447.06,-2.29
38.91,-0.27,7.02,7.71,0.03,0.05,0.12,0.11,895.9,28.61,0.0,446.64,-2.34
38.92,-0.18,7.06,7.7,0.01,0.03,0.09,0.11,898.96,28.62,0.0,446.45,-2.36
38.93,-0.08,7.12,7.7,0.0,0.01,0.06,0.11,899.8,28.62,0.0,446.47,-2.4
38.94,-0.02,7.19,7.71,-0.0,-0.0,0.04,0.12,895.04,28.62,0.0,446.63,-2.49
38.95,-0.01,7.27,7.73,0.01,-0.01,0.04,0.14,886.35,28.62,0.0,446.82,-2.61
38.96,-0.05,7.33,7.75,0.02,-0.0,0.06,0.15,879.21,28.61,0.0,446.93,-2.69
38.97,-0.12,7.36,7.78,0.04,0.01,0.08,0.15,877.87,28.6,0.0,446.93,-2.67
38.98,-0.2,7.36,7.8,0.06,0.02,0.1,0.13,881.96,28.59,0.0,446.81,-2.58
38.99,-0.25,7.35,7.83,0.08,0.04,0.1,0.11,887.66,28.58,0.0,446.54,-2.46
39.0,-0.25,7.35,7.85,0.09,0.06,0.09,0.1,891.4,28.57,0.0,446.15,-2.38
39.01,-0.2,7.36,7.87,0.09,0.09,0.06,0.09,892.63,28.56,0.0,445.71,-2.35
39.02,-0.15,7.36,7.87,0.08,0.1,0.03,0.09,893.79,28.56,0.0,445.37,-2.39
39.03,-0.11,7.35,7.87,0.07,0.1,0.0,0.1,897.23,28.56,0.0,445.21,-2.51
39.04,-0.1,7.34,7.86,0.06,0.09,-0.02,0.11,902.3,28.57,0.0,445.21,-2.66
39.05,-0.12,7.33,7.82,0.04,0.08,-0.01,0.12,905.74,28.58,0.0,445.32,-2.8
39.06,-0.16,7.35,7.76,0.02,0.05,0.03,0.14,905.0,28.59,0.0,445.49,-2.91
39.07,-0.2,7.39,7.7,0.0,0.03,0.09,0.15,901.04,28.6,0.0,445.67,-2.98
39.08,-0.22,7.43,7.65,-0.01,0.01,0.12,0.15,897.67,28.6,0.0,445.91,-2.97
39.09,-0.2,7.47,7.65,-0.01,-0.01,0.1,0.14,897.95,28.6,0.0,446.23,-2.88
39.1,-0.15,7.49,7.68,0.0,-0.01,0.03,0.12,901.81,28.6,0.0,447.08,-2.73
39.11,-0.09,7.47,7.73,0.02,-0.01,-0.04,0.09,907.01,28.59,0.0,449.67,-2.55
39.12,-0.04,7.4,7.8,0.04,0.0,-0.07,0.05,911.35,28.59,0.0,454.75,-2.36
39.13,-0.01,7.3,7.85,0.06,0.02,-0.07,0.01,913.44,28.6,0.0,461.35,-2.2
39.14,-0.01,7.21,7.89,0.08,0.04,-0.04,-0.01,912.35,28.61,0.0,467.68,-2.12
39.15,-0.03,7.18,7.91,0.09,0.06,0.0,-0.01,908.08,28.62,0.0,472.46,-2.16
39.16,-0.08,7.18,7.91,0.09,0.08,0.04,0.01,902.3,28.62,0.0,475.21,-2.28
39.17,-0.13,7.19,7.87,0.09,0.09,0.06,0.04,897.54,28.62,0.0,476.11,-2.44
39.18,-0.18,7.16,7.8,0.08,0.09,0.08,0.09,895.48,28.62,0.0,475.71,-2.59
39.19,-0.22,7.1,7.71,0.06,0.09,0.1,0.14,896.06,28.62,0.0,474.69,-2.71
39.2,-0.23,7.05,7.65,0.04,0.08,0.11,0.18,898.05,28.61,0.0,473.55,-2.77
39.21,-0.18,7.01,7.63,0.02,0.06,0.1,0.19,900.18,28.6,0.0,472.58,-2.79
39.22,-0.11,7.0,7.65,0.0,0.03,0.08,0.19,901.81,28.59,0.0,471.94,-2.76
39.23,-0.04,7.04,7.71,-0.01,0.01,0.05,0.17,903.06,28.59,0.0,471.72,-2.66
39.24,-0.02,7.12,7.79,-0.01,-0.0,0.02,0.16,904.31,28.58,0.0,471.86,-2.48
39.25,-0.03,7.22,7.86,-0.0,-0.01,-0.02,0.14,905.15,28.59,0.0,472.24,-2.26
39.26,-0.07,7.32,7.91,0.01,-0.01,-0.05,0.12,904.19,28.59,0.0,472.68,-2.1
39.27,-0.13,7.4,7.92,0.03,-0.0,-0.06,0.09,900.55,28.6,0.0,473.07,-2.06
39.28,-0.18,7.46,7.91,0.05,0.01,-0.05,0.07,895.74,28.62,0.0,473.71,-2.12
39.29,-0.18,7.5,7.88,0.07,0.03,-0.02,0.05,893.32,28.62,0.0,475.64,-2.26
39.3,-0.13,7.52,7.84,0.08,0.05,0.02,0.05,895.75,28.63,0.0,479.5,-2.42
39.31,-0.05,7.52,7.81,0.08,0.07,0.07,0.07,901.58,28.63,0.0,484.56,-2.58
39.32,0.01,7.51,7.79,0.08,0.08,0.11,0.11,906.39,28.63,0.0,489.42,-2.7
39.33,0.02,7.48,7.78,0.07,0.08,0.12,0.14,906.7,28.63,0.0,493.04,-2.77
39.34,-0.03,7.43,7.79,0.05,0.07,0.12,0.17,902.87,28.62,0.0,495.09,-2.79
39.35,-0.11,7.38,7.8,0.04,0.06,0.12,0.19,898.0,28.62,0.0,495.81,-2.71
39.36,-0.2,7.33,7.8,0.02,0.04,0.12,0.2,894.97,28.62,0.0,495.73,-2.52
39.37,-0.27,7.29,7.79,0.0,0.02,0.13,0.19,894.75,28.62,0.0,495.65,-2.28
39.38,-0.29,7.26,7.8,-0.01,0.01,0.12,0.18,896.96,28.62,0.0,496.77,-2.07
39.39,-0.26,7.25,7.82,-0.01,0.0,0.1,0.15,900.6,28.62,0.0,499.8,-1.94
39.4,-0.18,7.24,7.85,0.0,-0.0,0.06,0.13,904.08,28.63,0.0,504.09,-1.92
39.41,-0.1,7.23,7.88,0.01,0.0,0.02,0.1,905.41,28.63,0.0,508.39,-2.02
39.42,-0.05,7.2,7.89,0.03,0.01,0.0,0.08,903.5,28.62,0.0,511.7,-2.22
39.43,-0.03,7.17,7.88,0.05,0.02,0.01,0.06,899.45,28.61,0.0,513.74,-2.46
39.44,-0.05,7.15,7.88,0.07,0.03,0.03,0.06,895.76,28.6,0.0,514.89,-2.66
39.45,-0.1,7.15,7.89,0.08,0.05,0.04,0.08,894.34,28.6,0.0,515.71,-2.76
39.46,-0.17,7.18,7.91,0.08,0.06,0.05,0.1,895.31,28.59,0.0,516.74,-2.77
39.47,-0.21,7.2,7.91,0.08,0.08,0.06,0.13,897.57,28.6,0.0,518.75,-2.7
39.48,-0.22,7.19,7.88,0.07,0.08,0.08,0.15,899.88,28.61,0.0,522.13,-2.59
39.49,-0.2,7.16,7.83,0.06,0.08,0.09,0.16,901.65,28.63,0.0,526.3,-2.46
39.5,-0.15,7.11,7.77,0.05,0.07,0.11,0.17,903.0,28.64,0.0,530.26,-2.35
39.51,-0.08,7.05,7.74,0.03,0.05,0.13,0.17,904.31,28.65,0.0,533.29,-2.25
39.52,-0.02,7.02,7.74,0.01,0.03,0.13,0.17,904.83,28.65,0.0,535.32,-2.17
39.53,0.01,7.03,7.75,-0.0,0.01,0.13,0.16,902.21,28.65,0.0,536.93,-2.13
39.54,-0.01,7.13,7.77,-0.0,0.0,0.1,0.16,894.96,28.64,0.0,538.75,-2.13
39.55,-0.06,7.27,7.79,0.0,-0.0,0.06,0.15,885.57,28.64,0.0,540.96,-2.18
39.56,-0.1,7.41,7.81,0.02,-0.0,0.02,0.14,879.66,28.64,0.0,543.64,-2.28
39.57,-0.13,7.51,7.83,0.04,0.0,0.02,0.13,881.09,28.63,0.0,546.76,-2.44
39.58,-0.13,7.55,7.84,0.06,0.01,0.03,0.12,888.36,28.62,0.0,549.81,-2.62
39.59,-0.11,7.56,7.84,0.08,0.03,0.05,0.11,896.15,28.61,0.0,552.15,-2.71
39.6,-0.09,7.54,7.83,0.09,0.05,0.08,0.1,900.02,28.6,0.0,553.42,-2.66
39.61,-0.08,7.52,7.8,0.1,0.07,0.1,0.09,899.4,28.59,0.0,553.95,-2.49
39.62,-0.1,7.5,7.77,0.09,0.08,0.12,0.09,896.85,28.59,0.0,554.69,-2.28
39.63,-0.16,7.49,7.74,0.08,0.09,0.13,0.1,895.14,28.59,0.0,556.41,-2.1
39.64,-0.23,7.48,7.71,0.07,0.09,0.14,0.12,895.38,28.6,0.0,559.06,-2.0
39.65,-0.29,7.47,7.69,0.05,0.08,0.13,0.14,897.42,28.6,0.0,562.31,-2.01
39.66,-0.31,7.45,7.67,0.03,0.06,0.1,0.15,900.53,28.6,0.0,565.78,-2.13
39.67,-0.29,7.44,7.66,0.01,0.04,0.06,0.15,904.12,28.6,0.0,568.93,-2.32
39.68,-0.22,7.42,7.66,0.0,0.02,0.03,0.15,908.42,28.6,0.0,571.33,-2.53
39.69,-0.13,7.42,7.66,-0.0,0.01,0.0,0.15,913.69,28.6,0.0,572.84,-2.72
39.7,-0.04,7.41,7.67,0.01,-0.0,-0.01,0.14,918.9,28.6,0.0,573.84,-2.85
39.71,0.02,7.4,7.68,0.02,-0.01,-0.0,0.13,922.01,28.61,0.0,575.28,-2.9
39.72,0.02,7.36,7.68,0.04,-0.0,0.02,0.11,921.74,28.61,0.0,577.86,-2.85
39.73,-0.02,7.3,7.69,0.06,0.01,0.05,0.09,918.39,28.61,0.0,581.36,-2.74
39.74,-0.09,7.22,7.71,0.07,0.02,0.08,0.09,912.69,28.61,0.0,585.2,-2.58
39.75,-0.18,7.13,7.74,0.08,0.03,0.12,0.1,905.59,28.61,0.0,588.87,-2.42
39.76,-0.26,7.05,7.78,0.09,0.05,0.15,0.13,898.98,28.6,0.0,591.84,-2.27
39.77,-0.3,6.98,7.8,0.08,0.06,0.17,0.17,895.33,28.59,0.0,593.74,-2.18
39.78,-0.28,6.96,7.8,0.07,0.06,0.17,0.2,895.94,28.59,0.0,594.5,-2.15
39.79,-0.21,6.97,7.76,0.06,0.06,0.16,0.23,898.97,28.58,0.0,594.68,-2.18
39.8,-0.13,7.02,7.73,0.05,0.05,0.13,0.24,899.75,28.58,0.0,595.42,-2.3
39.81,-0.09,7.09,7.72,0.03,0.04,0.09,0.24,894.94,28.59,0.0,597.53,-2.5
39.82,-0.08,7.17,7.73,0.01,0.03,0.05,0.22,886.15,28.6,0.0,600.76,-2.73
39.83,-0.11,7.26,7.75,-0.01,0.02,0.01,0.19,878.7,28.61,0.0,604.36,-2.91
39.84,-0.17,7.33,7.76,-0.01,0.02,-0.01,0.17,876.77,28.61,0.0,607.66,-2.98
39.85,-0.23,7.39,7.76,-0.01,0.01,-0.02,0.16,880.13,28.6,0.0,610.2,-2.94
39.86,-0.27,7.43,7.76,0.0,0.01,-0.02,0.15,885.28,28.6,0.0,611.8,-2.81
39.87,-0.27,7.45,7.77,0.02,0.02,-0.01,0.13,888.9,28.59,0.0,612.57,-2.63
39.88,-0.23,7.46,7.79,0.04,0.03,0.01,0.11,890.45,28.59,0.0,612.78,-2.45
39.89,-0.17,7.47,7.8,0.06,0.04,0.0,0.09,892.34,28.6,0.0,612.77,-2.32
39.9,-0.09,7.46,7.79,0.08,0.06,-0.02,0.07,896.84,28.61,0.0,612.82,-2.27
39.91,-0.02,7.45,7.76,0.09,0.07,-0.06,0.07,902.99,28.62,0.0,612.99,-2.3
39.92,0.0,7.44,7.72,0.08,0.09,-0.1,0.08,907.11,28.63,0.0,613.19,-2.38
39.93,-0.03,7.43,7.67,0.08,0.09,-0.11,0.1,906.42,28.63,0.0,613.31,-2.51
39.94,-0.11,7.43,7.64,0.07,0.09,-0.1,0.15,902.02,28.63,0.0,613.32,-2.63
39.95,-0.19,7.42,7.63,0.05,0.08,-0.08,0.18,898.0,28.63,0.0,613.23,-2.7
39.96,-0.26,7.4,7.63,0.03,0.06,-0.07,0.2,897.73,28.63,0.0,613.08,-2.69
39.97,-0.28,7.37,7.64,0.01,0.04,-0.06,0.2,901.3,28.63,0.0,612.95,-2.6
39.98,-0.25,7.33,7.66,-0.0,0.02,-0.04,0.19,906.52,28.62,0.0,612.91,-2.47
39.99,-0.18,7.26,7.67,-0.01,0.01,-0.02,0.16,911.15,28.62,0.0,613.01,-2.3
40.0,-0.09,7.19,7.68,-0.0,0.0,0.01,0.12,913.6,28.62,0.0,613.2,-2.14
40.01,-0.01,7.13,7.7,0.01,0.0,0.04,0.1,912.63,28.62,0.0,613.37,-2.04
40.02,0.03,7.12,7.73,0.03,0.01,0.07,0.09,908.03,28.62,0.0,613.41,-2.02
40.03,0.03,7.13,7.77,0.05,0.02,0.09,0.09,901.6,28.62,0.0,613.31,-2.07
40.04,-0.02,7.15,7.8,0.07,0.04,0.11,0.1,896.25,28.62,0.0,613.03,-2.14
40.05,-0.09,7.15,7.81,0.08,0.05,0.11,0.1,893.94,28.63,0.0,612.59,-2.2
40.06,-0.17,7.14,7.81,0.09,0.07,0.12,0.1,894.63,28.63,0.0,612.11,-2.26
40.07,-0.21,7.13,7.78,0.08,0.09,0.11,0.1,896.99,28.63,0.0,611.77,-2.33
40.08,-0.21,7.12,7.74,0.08,0.09,0.09,0.1,899.55,28.63,0.0,611.68,-2.44
40.09,-0.16,7.13,7.69,0.06,0.09,0.05,0.1,901.54,28.63,0.0,612.2,-2.57
40.1,-0.1,7.15,7.67,0.05,0.08,0.01,0.1,903.04,28.62,0.0,614.25,-2.62
40.11,-0.05,7.16,7.68,0.03,0.07,-0.02,0.11,904.39,28.62,0.0,618.35,-2.55
40.12,-0.04,7.17,7.72,0.01,0.05,-0.05,0.13,904.88,28.63,0.0,623.68,-2.37
40.13,-0.06,7.2,7.77,-0.0,0.03,-0.07,0.14,902.18,28.63,0.0,628.82,-2.16
40.14,-0.11,7.24,7.81,-0.01,0.02,-0.09,0.15,894.85,28.63,0.0,632.71,-1.97
40.15,-0.16,7.29,7.82,-0.0,0.01,-0.1,0.14,885.4,28.64,0.0,634.99,-1.85
40.16,-0.19,7.35,7.82,0.01,0.01,-0.09,0.14,879.43,28.64,0.0,635.79,-1.82
40.17,-0.19,7.41,7.8,0.03,0.01,-0.06,0.13,880.82,28.64,0.0,635.57,-1.88
40.18,-0.15,7.46,7.78,0.05,0.02,-0.02,0.13,888.1,28.64,0.0,634.84,-2.02
40.19,-0.11,7.5,7.75,0.07,0.04,0.03,0.13,896.09,28.63,0.0,634.0,-2.18
40.2,-0.07,7.53,7.72,0.08,0.06,0.06,0.12,900.41,28.62,0.0,633.29,-2.35
40.21,-0.06,7.55,7.7,0.09,0.08,0.08,0.1,900.32,28.62,0.0,632.81,-2.48
40.22,-0.08,7.53,7.68,0.08,0.1,0.08,0.1,898.08,28.61,0.0,632.53,-2.55
40.23,-0.16,7.48,7.67,0.08,0.1,0.09,0.12,896.23,28.61,0.0,632.4,-2.52
40.24,-0.25,7.4,7.66,0.06,0.1,0.09,0.14,895.96,28.61,0.0,632.35,-2.43
40.25,-0.33,7.31,7.66,0.04,0.09,0.08,0.16,897.42,28.61,0.0,632.36,-2.32
40.26,-0.36,7.21,7.68,0.02,0.07,0.08,0.17,900.12,28.61,0.0,632.42,-2.23
40.27,-0.34,7.12,7.72,-0.0,0.04,0.07,0.15,903.49,28.61,0.0,632.75,-2.19
40.28,-0.27,7.07,7.76,-0.02,0.03,0.06,0.13,907.51,28.61,0.0,633.99,-2.19
40.29,-0.16,7.06,7.8,-0.02,0.01,0.05,0.11,912.21,28.61,0.0,636.51,-2.22
40.3,-0.04,7.08,7.83,-0.01,0.0,0.04,0.1,916.68,28.61,0.0,639.87,-2.29
40.31,0.04,7.13,7.85,0.01,0.0,0.02,0.09,919.24,28.61,0.0,643.3,-2.39
40.32,0.05,7.19,7.86,0.03,0.01,-0.0,0.07,918.93,28.61,0.0,646.21,-2.54
40.33,0.0,7.25,7.86,0.05,0.02,-0.03,0.05,916.21,28.61,0.0,648.27,-2.71
40.34,-0.09,7.29,7.86,0.07,0.04,-0.05,0.04,912.23,28.61,0.0,649.43,-2.84
40.35,-0.19,7.3,7.87,0.08,0.06,-0.06,0.05,908.1,28.61,0.0,649.87,-2.9
40.36,-0.28,7.29,7.87,0.09,0.08,-0.06,0.07,904.88,28.62,0.0,650.1,-2.88
40.37,-0.31,7.25,7.86,0.09,0.09,-0.06,0.1,903.63,28.62,0.0,650.99,-2.77
40.38,-0.26,7.18,7.84,0.08,0.09,-0.05,0.13,904.71,28.62,0.0,653.13,-2.6
40.39,-0.14,7.09,7.8,0.07,0.08,-0.04,0.16,906.45,28.62,0.0,656.13,-2.4
40.4,-0.04,7.04,7.77,0.05,0.07,-0.02,0.19,905.02,28.62,0.0,659.09,-2.24
40.41,0.01,7.04,7.77,0.03,0.05,0.02,0.21,897.88,28.62,0.0,661.34,-2.15
40.42,-0.01,7.11,7.78,0.01,0.03,0.08,0.21,887.29,28.62,0.0,662.61,-2.14
40.43,-0.07,7.2,7.8,-0.0,0.02,0.11,0.2,878.96,28.62,0.0,663.01,-2.23
40.44,-0.15,7.31,7.79,-0.01,0.01,0.11,0.17,877.11,28.61,0.0,662.81,-2.4
40.45,-0.22,7.42,7.77,-0.0,0.0,0.09,0.13,881.15,28.61,0.0,662.65,-2.6
40.46,-0.25,7.52,7.74,0.01,0.0,0.04,0.09,887.05,28.6,0.0,663.57,-2.77
40.47,-0.22,7.61,7.72,0.02,0.01,-0.02,0.08,891.04,28.6,0.0,666.21,-2.86
40.48,-0.16,7.68,7.73,0.04,0.02,-0.06,0.09,892.5,28.6,0.0,670.02,-2.87
40.49,-0.11,7.71,7.74,0.06,0.03,-0.07,0.11,893.98,28.6,0.0,673.89,-2.81
40.5,-0.09,7.69,7.75,0.08,0.05,-0.04,0.13,897.93,28.61,0.0,676.96,-2.7
40.51,-0.1,7.62,7.76,0.08,0.07,0.02,0.14,904.05,28.61,0.0,678.87,-2.58
40.52,-0.15,7.52,7.76,0.09,0.08,0.09,0.15,910.11,28.62,0.0,679.72,-2.49
40.53,-0.21,7.41,7.76,0.08,0.08,0.13,0.16,914.19,28.62,0.0,679.86,-2.45
40.54,-0.27,7.31,7.76,0.07,0.08,0.14,0.16,915.98,28.63,0.0,679.9,-2.46
40.55,-0.29,7.24,7.75,0.05,0.07,0.13,0.17,916.65,28.63,0.0,680.83,-2.47
40.56,-0.27,7.23,7.72,0.03,0.05,0.09,0.18,917.5,28.63,0.0,683.22,-2.45
40.57,-0.21,7.25,7.69,0.01,0.03,0.05,0.19,918.72,28.64,0.0,686.62,-2.42
40.58,-0.14,7.29,7.67,-0.0,0.01,0.01,0.19,919.43,28.64,0.0,690.04,-2.43
40.59,-0.08,7.33,7.67,-0.01,-0.0,-0.02,0.18,918.85,28.63,0.0,692.71,-2.51
40.6,-0.06,7.35,7.69,-0.0,-0.01,-0.04,0.14,916.76,28.62,0.0,694.33,-2.63
40.61,-0.07,7.36,7.72,0.01,-0.01,-0.05,0.11,912.85,28.62,0.0,695.02,-2.7
40.62,-0.12,7.35,7.76,0.03,-0.0,-0.06,0.08,907.17,28.62,0.0,695.09,-2.66
40.63,-0.18,7.34,7.8,0.04,0.01,-0.05,0.07,901.2,28.62,0.0,695.1,-2.51
40.64,-0.23,7.32,7.82,0.06,0.03,-0.03,0.07,897.4,28.63,0.0,695.94,-2.33
40.65,-0.26,7.27,7.81,0.07,0.05,-0.0,0.08,897.27,28.62,0.0,698.14,-2.19
40.66,-0.24,7.21,7.77,0.08,0.07,0.04,0.09,899.38,28.62,0.0,701.29,-2.11
40.67,-0.2,7.16,7.73,0.08,0.09,0.07,0.11,899.68,28.61,0.0,704.54,-2.1
40.68,-0.15,7.12,7.71,0.07,0.1,0.08,0.13,895.15,28.61,0.0,707.25,-2.14
40.69,-0.09,7.11,7.7,0.06,0.09,0.09,0.15,887.2,28.62,0.0,709.09,-2.22
40.7,-0.07,7.13,7.71,0.05,0.08,0.1,0.16,880.53,28.62,0.0,710.08,-2.34
40.71,-0.09,7.17,7.76,0.03,0.07,0.11,0.17,878.81,28.63,0.0,710.45,-2.5
40.72,-0.13,7.25,7.81,0.01,0.05,0.14,0.17,881.79,28.63,0.0,710.74,-2.65
40.73,-0.18,7.34,7.85,-0.0,0.04,0.15,0.17,886.27,28.63,0.0,711.94,-2.7
40.74,-0.2,7.45,7.87,-0.01,0.02,0.14,0.15,889.25,28.63,0.0,714.67,-2.61
40.75,-0.19,7.56,7.87,-0.0,0.01,0.11,0.13,890.38,28.63,0.0,718.41,-2.4
40.76,-0.14,7.63,7.85,0.01,0.01,0.08,0.11,892.16,28.63,0.0,722.04,-2.19
40.77,-0.05,7.65,7.82,0.03,0.01,0.05,0.08,896.85,28.63,0.0,724.73,-2.05
40.78,0.05,7.62,7.79,0.05,0.02,0.03,0.05,903.32,28.63,0.0,726.21,-2.01
40.79,0.11,7.56,7.76,0.06,0.04,0.03,0.03,907.62,28.63,0.0,726.7,-2.02
40.8,0.1,7.47,7.74,0.08,0.06,0.02,0.03,906.84,28.62,0.0,726.6,-2.05
40.81,0.03,7.39,7.73,0.08,0.08,0.02,0.05,902.09,28.62,0.0,726.51,-2.08
40.82,-0.08,7.33,7.73,0.09,0.09,0.02,0.08,897.72,28.61,0.0,727.33,-2.13
40.83,-0.18,7.3,7.74,0.08,0.1,0.01,0.12,897.26,28.61,0.0,729.54,-2.19
40.84,-0.27,7.29,7.76,0.07,0.1,0.0,0.15,900.84,28.61,0.0,732.69,-2.29
40.85,-0.29,7.31,7.78,0.06,0.09,0.01,0.18,906.18,28.61,0.0,735.86,-2.39
40.86,-0.24,7.34,7.79,0.03,0.07,0.02,0.19,910.94,28.62,0.0,738.33,-2.5
40.87,-0.14,7.36,7.8,0.01,0.05,0.05,0.19,913.48,28.62,0.0,739.82,-2.58
40.88,-0.04,7.37,7.79,-0.0,0.02,0.07,0.17,912.53,28.62,0.0,740.39,-2.61
40.89,0.03,7.35,7.78,-0.01,0.0,0.07,0.14,907.93,28.63,0.0,740.32,-2.57
40.9,0.05,7.3,7.76,-0.01,-0.02,0.06,0.11,901.54,28.63,0.0,739.91,-2.48
40.91,0.03,7.25,7.75,0.01,-0.03,0.02,0.09,896.43,28.64,0.0,739.42,-2.38
40.92,-0.03,7.22,7.76,0.02,-0.03,-0.02,0.07,894.68,28.64,0.0,738.99,-2.32
40.93,-0.12,7.21,7.78,0.04,-0.02,-0.05,0.07,896.06,28.63,0.0,738.73,-2.3
40.94,-0.19,7.22,7.79,0.06,0.0,-0.07,0.07,898.78,28.63,0.0,738.7,-2.33
40.95,-0.22,7.25,7.77,0.07,0.03,-0.05,0.06,901.09,28.62,0.0,738.92,-2.4
40.96,-0.21,7.29,7.73,0.08,0.05,0.0,0.06,902.35,28.62,0.0,739.26,-2.5
40.97,-0.17,7.31,7.69,0.08,0.07,0.06,0.07,903.01,28.61,0.0,739.51,-2.61
40.98,-0.11,7.3,7.65,0.08,0.08,0.1,0.1,903.76,28.61,0.0,739.53,-2.73
40.99,-0.06,7.27,7.62,0.07,0.08,0.14,0.14,903.94,28.61,0.0,739.36,-2.84
41.0,-0.04,7.25,7.62,0.05,0.06,0.15,0.17,901.02,28.61,0.0,739.13,-2.9
41.01,-0.06,7.26,7.65,0.03,0.05,0.14,0.17,893.37,28.6,0.0,738.99,-2.89
41.02,-0.12,7.3,7.7,0.01,0.03,0.13,0.16,883.51,28.59,0.0,738.98,-2.81
41.03,-0.18,7.35,7.74,-0.01,0.01,0.11,0.13,877.28,28.59,0.0,739.03,-2.71
41.04,-0.19,7.39,7.76,-0.01,-0.01,0.08,0.11,878.72,28.58,0.0,739.08,-2.61
41.05,-0.16,7.41,7.75,-0.01,-0.02,0.05,0.09,886.37,28.58,0.0,739.1,-2.53
41.06,-0.12,7.41,7.76,0.0,-0.02,0.03,0.07,894.94,28.58,0.0,739.12,-2.48
41.07,-0.07,7.39,7.78,0.02,-0.02,0.03,0.05,899.93,28.58,0.0,739.16,-2.45
41.08,-0.05,7.36,7.82,0.04,-0.0,0.05,0.01,900.44,28.59,0.0,739.44,-2.45
41.09,-0.07,7.36,7.85,0.06,0.02,0.07,-0.01,898.52,28.59,0.0,740.59,-2.52
41.1,-0.15,7.39,7.85,0.07,0.04,0.09,-0.02,896.63,28.59,0.0,742.97,-2.68
41.11,-0.25,7.44,7.82,0.08,0.06,0.1,-0.01,896.06,28.59,0.0,746.16,-2.9
41.12,-0.34,7.49,7.78,0.08,0.08,0.11,0.03,897.17,28.59,0.0,749.44,-3.07
41.13,-0.37,7.5,7.75,0.08,0.09,0.12,0.07,899.65,28.58,0.0,752.25,-3.15
41.14,-0.34,7.48,7.73,0.07,0.08,0.12,0.12,902.99,28.58,0.0,754.26,-3.1
41.15,-0.26,7.42,7.72,0.05,0.07,0.11,0.15,907.12,28.58,0.0,755.34,-2.95
41.16,-0.14,7.35,7.71,0.03,0.06,0.09,0.16,912.03,28.58,0.0,755.62,-2.71
41.17,-0.01,7.27,7.71,0.01,0.04,0.06,0.15,916.74,28.59,0.0,755.43,-2.44
41.18,0.08,7.21,7.7,-0.01,0.02,0.04,0.13,919.48,28.6,0.0,755.19,-2.23
41.19,0.11,7.16,7.68,-0.01,0.01,0.03,0.11,919.24,28.59,0.0,755.23,-2.13
41.2,0.09,7.14,7.67,-0.01,0.0,0.04,0.09,916.3,28.58,0.0,755.55,-2.13
41.21,0.01,7.14,7.67,-0.0,-0.0,0.06,0.09,911.25,28.56,0.0,755.94,-2.23
41.22,-0.09,7.16,7.7,0.01,-0.0,0.07,0.09,904.87,28.56,0.0,756.22,-2.4
41.23,-0.19,7.19,7.75,0.03,0.0,0.07,0.09,898.86,28.57,0.0,756.3,-2.58
41.24,-0.25,7.23,7.81,0.05,0.01,0.07,0.1,895.51,28.57,0.0,756.17,-2.69
41.25,-0.22,7.25,7.83,0.07,0.03,0.06,0.12,896.06,28.58,0.0,755.88,-2.68
41.26,-0.14,7.27,7.83,0.09,0.05,0.06,0.15,898.78,28.59,0.0,755.66,-2.58
41.27,-0.06,7.27,7.81,0.09,0.06,0.07,0.18,899.24,28.59,0.0,755.98,-2.42
41.28,-0.02,7.26,7.76,0.09,0.07,0.11,0.21,894.27,28.59,0.0,757.12,-2.26
41.29,-0.03,7.24,7.71,0.08,0.07,0.16,0.24,885.53,28.59,0.0,758.88,-2.13
41.3,-0.08,7.22,7.68,0.06,0.07,0.21,0.25,878.27,28.59,0.0,760.89,-2.06
41.31,-0.16,7.21,7.68,0.04,0.05,0.25,0.25,876.56,28.59,0.0,762.84,-2.03
41.32,-0.24,7.21,7.7,0.01,0.03,0.26,0.23,880.1,28.59,0.0,764.44,-2.06
41.33,-0.28,7.23,7.74,-0.01,0.02,0.26,0.2,885.38,28.59,0.0,765.52,-2.14
41.34,-0.27,7.28,7.8,-0.01,0.0,0.25,0.16,889.05,28.59,0.0,766.08,-2.28
41.35,-0.2,7.33,7.85,-0.01,-0.01,0.22,0.13,890.6,28.59,0.0,766.39,-2.44
41.36,-0.12,7.39,7.88,0.0,-0.01,0.19,0.1,892.45,28.59,0.0,767.02,-2.6
41.37,-0.05,7.45,7.88,0.02,-0.01,0.15,0.07,896.92,28.59,0.0,768.39,-2.71
41.38,0.0,7.5,7.87,0.04,0.01,0.11,0.04,903.04,28.6,0.0,770.31,-2.77
41.39,0.0,7.54,7.85,0.06,0.02,0.07,0.03,907.14,28.6,0.0,772.41,-2.74
41.4,-0.05,7.56,7.83,0.07,0.04,0.04,0.03,906.44,28.6,0.0,774.32,-2.61
41.41,-0.13,7.57,7.83,0.08,0.06,0.02,0.06,902.03,28.6,0.0,775.8,-2.41
41.42,-0.2,7.56,7.83,0.09,0.07,0.01,0.08,898.04,28.59,0.0,776.71,-2.21
41.43,-0.22,7.51,7.82,0.08,0.08,0.01,0.11,897.84,28.59,0.0,777.09,-2.04
41.44,-0.2,7.44,7.8,0.07,0.07,0.02,0.13,901.56,28.59,0.0,777.28,-1.94
41.45,-0.17,7.35,7.78,0.06,0.06,0.03,0.14,907.15,28.58,0.0,777.9,-1.94
41.46,-0.14,7.24,7.75,0.03,0.05,0.04,0.15,912.44,28.58,0.0,779.38,-2.07
41.47,-0.14,7.14,7.73,0.01,0.03,0.04,0.14,915.67,28.57,0.0,781.49,-2.26
41.48,-0.14,7.1,7.72,-0.01,0.02,0.06,0.13,915.25,28.56,0.0,783.63,-2.47
41.49,-0.15,7.13,7.74,-0.01,0.01,0.07,0.11,910.71,28.57,0.0,785.33,-2.64
41.5,-0.14,7.21,7.77,-0.01,-0.0,0.09,0.09,903.91,28.58,0.0,786.37,-2.76
41.51,-0.13,7.29,7.81,0.0,-0.01,0.11,0.07,897.94,28.59,0.0,786.72,-2.8
41.52,-0.11,7.32,7.83,0.02,-0.01,0.13,0.06,894.95,28.59,0.0,786.53,-2.76
41.53,-0.09,7.3,7.84,0.04,-0.01,0.15,0.06,895.09,28.59,0.0,786.22,-2.66
41.54,-0.07,7.26,7.84,0.06,0.01,0.16,0.07,897.09,28.59,0.0,786.58,-2.55
41.55,-0.06,7.21,7.83,0.08,0.02,0.16,0.08,899.53,28.59,0.0,788.08,-2.46
41.56,-0.06,7.17,7.82,0.09,0.04,0.15,0.1,901.56,28.6,0.0,790.43,-2.39
41.57,-0.08,7.16,7.81,0.09,0.06,0.14,0.11,903.15,28.6,0.0,792.96,-2.39
41.58,-0.11,7.16,7.8,0.09,0.07,0.13,0.12,904.59,28.6,0.0,795.13,-2.47
41.59,-0.14,7.17,7.79,0.07,0.08,0.11,0.13,905.46,28.6,0.0,796.62,-2.59
41.6,-0.17,7.2,7.78,0.06,0.07,0.1,0.13,904.42,28.59,0.0,797.38,-2.73
41.61,-0.18,7.25,7.75,0.03,0.06,0.09,0.13,900.63,28.59,0.0,797.54,-2.86
41.62,-0.17,7.31,7.73,0.01,0.05,0.09,0.12,895.67,28.58,0.0,797.49,-2.95
41.63,-0.14,7.37,7.71,-0.01,0.03,0.08,0.12,893.15,28.59,0.0,797.89,-2.96
41.64,-0.08,7.43,7.69,-0.01,0.01,0.06,0.13,895.53,28.59,0.0,799.18,-2.87
41.65,-0.01,7.49,7.68,-0.01,-0.0,0.02,0.15,901.35,28.59,0.0,801.16,-2.72
41.66,0.02,7.55,7.69,-0.0,-0.01,-0.02,0.17,906.15,28.59,0.0,803.41,-2.53
41.67,0.0,7.6,7.72,0.02,0.0,-0.06,0.19,906.44,28.59,0.0,805.56,-2.35
41.68,-0.06,7.63,7.76,0.03,0.01,-0.09,0.21,902.55,28.59,0.0,807.28,-2.2
41.69,-0.14,7.64,7.8,0.05,0.03,-0.1,0.21,897.65,28.59,0.0,808.35,-2.12
41.7,-0.23,7.61,7.85,0.07,0.05,-0.1,0.2,894.64,28.59,0.0,808.75,-2.14
41.71,-0.29,7.56,7.88,0.08,0.07,-0.09,0.17,894.48,28.59,0.0,808.83,-2.24
41.72,-0.32,7.47,7.89,0.09,0.09,-0.06,0.15,896.78,28.59,0.0,809.27,-2.42
41.73,-0.3,7.38,7.85,0.09,0.1,0.0,0.12,900.52,28.59,0.0,810.55,-2.67
41.74,-0.24,7.28,7.79,0.08,0.1,0.07,0.1,904.09,28.58,0.0,812.47,-2.93
41.75,-0.17,7.21,7.73,0.06,0.09,0.13,0.09,905.49,28.59,0.0,814.48,-3.1
41.76,-0.12,7.16,7.67,0.04,0.08,0.16,0.09,903.67,28.59,0.0,816.11,-3.1
41.77,-0.09,7.14,7.64,0.02,0.06,0.17,0.09,899.73,28.6,0.0,817.19,-2.97
41.78,-0.08,7.15,7.63,0.0,0.04,0.15,0.1,896.28,28.61,0.0,817.86,-2.75
41.79,-0.1,7.19,7.64,-0.01,0.02,0.1,0.12,895.29,28.61,0.0,818.36,-2.49
41.8,-0.14,7.25,7.67,-0.01,0.0,0.05,0.13,896.77,28.61,0.0,818.99,-2.25
41.81,-0.16,7.3,7.71,-0.0,-0.01,0.01,0.13,899.32,28.6,0.0,820.3,-2.09
41.82,-0.17,7.33,7.77,0.01,-0.01,0.0,0.11,901.55,28.59,0.0,822.61,-2.03
41.83,-0.15,7.33,7.83,0.03,0.0,0.02,0.09,902.9,28.59,0.0,825.48,-2.04
41.84,-0.12,7.3,7.88,0.05,0.02,0.05,0.07,903.71,28.59,0.0,828.06,-2.12
41.85,-0.08,7.25,7.9,0.07,0.05,0.08,0.06,904.52,28.59,0.0,829.76,-2.24
41.86,-0.05,7.2,7.9,0.08,0.07,0.11,0.06,904.67,28.6,0.0,830.48,-2.36
41.87,-0.04,7.17,7.88,0.09,0.09,0.13,0.08,901.83,28.6,0.0,830.47,-2.45
41.88,-0.07,7.2,7.86,0.08,0.1,0.13,0.12,894.48,28.6,0.0,830.1,-2.49
41.89,-0.12,7.26,7.84,0.07,0.1,0.12,0.17,885.06,28.6,0.0,829.62,-2.49
41.9,-0.16,7.33,7.81,0.06,0.09,0.1,0.2,879.16,28.6,0.0,829.13,-2.45
41.91,-0.18,7.38,7.77,0.04,0.08,0.07,0.21,880.62,28.6,0.0,828.61,-2.38
41.92,-0.16,7.41,7.73,0.01,0.06,0.03,0.2,887.97,28.61,0.0,828.16,-2.3
41.93,-0.11,7.43,7.71,-0.0,0.04,-0.02,0.18,895.98,28.6,0.0,827.98,-2.24
41.94,-0.05,7.46,7.73,-0.01,0.02,-0.08,0.15,900.27,28.6,0.0,828.18,-2.19
41.95,0.0,7.5,7.77,-0.01,0.0,-0.13,0.13,900.13,28.59,0.0,828.64,-2.18
41.96,0.01,7.55,7.82,-0.0,-0.01,-0.16,0.1,897.86,28.58,0.0,829.07,-2.23
41.97,-0.03,7.59,7.83,0.01,-0.0,-0.18,0.06,896.02,28.58,0.0,829.27,-2.35
41.98,-0.12,7.62,7.83,0.03,0.01,-0.18,0.02,895.82,28.58,0.0,829.24,-2.52
41.99,-0.2,7.63,7.81,0.05,0.03,-0.16,0.0,897.34,28.58,0.0,829.14,-2.7
42.0,-0.25,7.61,7.8,0.07,0.05,-0.13,0.02,900.08,28.59,0.0,829.16,-2.86
42.01,-0.25,7.56,7.8,0.08,0.07,-0.1,0.07,903.45,28.59,0.0,829.31,-2.97
42.02,-0.21,7.51,7.79,0.09,0.08,-0.05,0.12,907.46,28.59,0.0,829.45,-2.96
42.03,-0.14,7.45,7.78,0.09,0.09,0.03,0.15,912.17,28.6,0.0,829.49,-2.8
42.04,-0.07,7.41,7.75,0.08,0.09,0.11,0.15,916.66,28.6,0.0,829.41,-2.55
42.05,-0.01,7.36,7.73,0.06,0.08,0.18,0.13,919.26,28.6,0.0,829.32,-2.3
42.06,0.0,7.3,7.71,0.03,0.07,0.2,0.12,918.95,28.59,0.0,829.33,-2.11
42.07,-0.02,7.23,7.71,0.01,0.05,0.19,0.11,915.99,28.59,0.0,829.39,-2.02
42.08,-0.07,7.15,7.71,-0.0,0.04,0.14,0.11,910.97,28.59,0.0,829.29,-2.02
42.09,-0.12,7.08,7.71,-0.01,0.02,0.07,0.11,904.61,28.6,0.0,828.9,-2.09
42.1,-0.17,7.03,7.7,-0.01,0.0,0.01,0.12,898.62,28.6,0.0,828.53,-2.21
42.11,-0.19,7.02,7.71,0.0,-0.0,-0.04,0.13,895.29,28.61,0.0,829.03,-2.39
42.12,-0.17,7.06,7.73,0.02,-0.0,-0.05,0.12,895.84,28.6,0.0,830.97,-2.64
42.13,-0.13,7.13,7.75,0.04,0.01,-0.04,0.11,898.62,28.6,0.0,833.92,-2.9
42.14,-0.08,7.22,7.77,0.05,0.02,-0.02,0.1,899.42,28.59,0.0,836.95,-3.06
42.15,-0.05,7.3,7.78,0.07,0.04,-0.02,0.11,895.18,28.59,0.0,839.33,-3.05
42.16,-0.05,7.35,7.77,0.08,0.06,-0.03,0.12,887.34,28.58,0.0,840.7,-2.91
42.17,-0.08,7.37,7.76,0.09,0.07,-0.03,0.13,880.67,28.58,0.0,841.06,-2.71
42.18,-0.14,7.36,7.78,0.08,0.08,-0.02,0.13,878.9,28.58,0.0,840.63,-2.52
42.19,-0.22,7.33,7.82,0.07,0.07,0.0,0.13,881.83,28.58,0.0,839.83,-2.38
42.2,-0.27,7.3,7.84,0.05,0.06,0.06,0.13,886.27,28.58,0.0,839.16,-2.32
42.21,-0.26,7.29,7.83,0.03,0.05,0.13,0.13,889.18,28.59,0.0,838.92,-2.33
42.22,-0.21,7.31,7.8,0.01,0.04,0.2,0.14,890.25,28.59,0.0,839.1,-2.38
42.23,-0.13,7.34,7.76,-0.01,0.03,0.24,0.14,891.98,28.6,0.0,839.46,-2.44
42.24,-0.05,7.39,7.73,-0.01,0.03,0.21,0.13,896.64,28.61,0.0,839.77,-2.5
42.25,0.02,7.45,7.71,-0.01,0.02,0.14,0.12,903.1,28.61,0.0,839.94,-2.54
42.26,0.04,7.5,7.72,-0.0,0.01,0.05,0.1,907.41,28.62,0.0,839.99,-2.55
42.27,0.01,7.56,7.75,0.02,0.01,-0.02,0.1,906.62,28.61,0.0,840.0,-2.52
42.28,-0.07,7.61,7.79,0.03,0.02,-0.06,0.1,901.88,28.61,0.0,840.12,-2.45
42.29,-0.15,7.64,7.83,0.05,0.03,-0.08,0.11,897.54,28.6,0.0,840.65,-2.36
42.3,-0.21,7.62,7.86,0.07,0.05,-0.07,0.12,897.15,28.6,0.0,841.76,-2.24
42.31,-0.24,7.57,7.86,0.08,0.07,-0.04,0.12,900.82,28.6,0.0,843.22,-2.14
42.32,-0.23,7.49,7.86,0.09,0.08,-0.01,0.13,906.25,28.61,0.0,844.59,-2.09
42.33,-0.18,7.37,7.84,0.09,0.09,-0.0,0.15,911.09,28.6,0.0,845.55,-2.12
42.34,-0.11,7.25,7.83,0.08,0.1,-0.0,0.16,913.68,28.6,0.0,846.04,-2.23
42.35,-0.05,7.15,7.81,0.06,0.09,-0.0,0.18,912.76,28.6,0.0,846.15,-2.39
42.36,-0.01,7.09,7.8,0.03,0.08,-0.0,0.18,908.18,28.6,0.0,846.07,-2.59
42.37,-0.01,7.07,7.79,0.01,0.07,0.01,0.18,901.78,28.6,0.0,846.14,-2.78
42.38,-0.03,7.08,7.79,-0.01,0.05,0.01,0.18,896.61,28.6,0.0,846.94,-2.91
42.39,-0.08,7.1,7.79,-0.02,0.03,-0.01,0.2,894.7,28.61,0.0,848.85,-2.97
42.4,-0.13,7.14,7.8,-0.02,0.01,-0.03,0.22,895.91,28.61,0.0,851.44,-2.94
42.41,-0.15,7.19,7.8,-0.01,0.0,-0.06,0.23,898.61,28.61,0.0,853.93,-2.81
42.42,-0.12,7.27,7.81,0.01,0.0,-0.06,0.2,901.18,28.61,0.0,855.76,-2.59
42.43,-0.07,7.36,7.82,0.03,0.01,-0.05,0.15,902.87,28.61,0.0,856.72,-2.34
42.44,-0.02,7.43,7.83,0.05,0.02,-0.03,0.1,903.91,28.61,0.0,856.95,-2.13
42.45,0.0,7.46,7.83,0.07,0.04,0.02,0.07,904.82,28.62,0.0,856.72,-2.03
42.46,-0.02,7.44,7.82,0.09,0.05,0.07,0.06,904.97,28.63,0.0,856.42,-2.04
42.47,-0.07,7.4,7.81,0.1,0.06,0.13,0.08,902.08,28.63,0.0,856.53,-2.11
42.48,-0.14,7.34,7.8,0.09,0.07,0.18,0.12,894.68,28.63,0.0,857.34,-2.22
42.49,-0.21,7.3,7.79,0.07,0.07,0.22,0.16,885.25,28.63,0.0,858.68,-2.34
42.5,-0.24,7.28,7.78,0.05,0.07,0.23,0.19,879.34,28.62,0.0,860.15,-2.45
42.51,-0.22,7.31,7.77,0.03,0.06,0.22,0.19,880.78,28.62,0.0,861.43,-2.54
42.52,-0.16,7.36,7.75,0.01,0.05,0.2,0.16,888.09,28.61,0.0,862.38,-2.62
42.53,-0.09,7.43,7.74,-0.01,0.04,0.16,0.13,896.06,28.61,0.0,863.05,-2.67
42.54,-0.04,7.5,7.74,-0.01,0.02,0.12,0.11,900.3,28.6,0.0,863.59,-2.68
42.55,-0.02,7.56,7.75,-0.01,0.01,0.1,0.1,900.13,28.59,0.0,864.14,-2.65
42.56,-0.04,7.59,7.78,-0.0,0.0,0.1,0.1,897.84,28.59,0.0,864.96,-2.6
42.57,-0.13,7.59,7.8,0.01,0.0,0.12,0.12,896.01,28.59,0.0,866.19,-2.54
42.58,-0.23,7.56,7.82,0.03,0.01,0.15,0.14,895.83,28.59,0.0,867.66,-2.5
42.59,-0.31,7.51,7.85,0.05,0.02,0.17,0.14,897.39,28.59,0.0,869.1,-2.51
42.6,-0.34,7.44,7.87,0.07,0.03,0.16,0.13,900.18,28.59,0.0,870.29,-2.6
42.61,-0.31,7.36,7.88,0.08,0.05,0.13,0.11,903.69,28.59,0.0,871.17,-2.73
42.62,-0.25,7.27,7.88,0.09,0.07,0.09,0.08,908.1,28.59,0.0,871.9,-2.86
42.63,-0.16,7.17,7.86,0.08,0.08,0.08,0.06,913.61,28.59,0.0,872.62,-2.92
42.64,-0.08,7.06,7.83,0.07,0.08,0.09,0.06,919.08,28.59,0.0,873.41,-2.9
42.65,-0.03,7.0,7.78,0.05,0.08,0.11,0.08,922.36,28.6,0.0,874.35,-2.84
42.66,-0.04,6.99,7.73,0.03,0.08,0.13,0.11,922.13,28.6,0.0,875.5,-2.76
42.67,-0.08,7.02,7.68,0.01,0.07,0.13,0.16,918.88,28.61,0.0,876.67,-2.67
42.68,-0.15,7.09,7.64,-0.0,0.05,0.11,0.19,913.9,28.61,0.0,877.6,-2.57
42.69,-0.21,7.16,7.63,-0.01,0.04,0.07,0.21,908.48,28.61,0.0,878.15,-2.46
42.7,-0.24,7.22,7.65,-0.01,0.02,0.02,0.21,904.04,28.6,0.0,878.39,-2.35
42.71,-0.23,7.26,7.68,-0.0,0.0,-0.02,0.18,902.02,28.6,0.0,878.68,-2.3
42.72,-0.16,7.26,7.71,0.01,-0.0,-0.02,0.14,902.97,28.6,0.0,879.28,-2.33
42.73,-0.06,7.25,7.75,0.03,-0.0,-0.0,0.1,905.1,28.59,0.0,880.2,-2.42
42.74,0.01,7.24,7.78,0.05,0.01,0.03,0.07,904.26,28.59,0.0,881.32,-2.56
42.75,0.02,7.25,7.79,0.07,0.03,0.06,0.06,897.64,28.59,0.0,882.5,-2.72
42.76,-0.03,7.27,7.79,0.08,0.05,0.07,0.06,887.29,28.58,0.0,883.59,-2.86
42.77,-0.12,7.3,7.78,0.09,0.06,0.08,0.08,878.71,28.58,0.0,884.46,-2.94
42.78,-0.2,7.31,7.78,0.09,0.08,0.07,0.12,876.07,28.58,0.0,885.09,-2.92
42.79,-0.26,7.33,7.77,0.08,0.08,0.05,0.16,879.12,28.58,0.0,885.55,-2.84
42.8,-0.27,7.35,7.77,0.06,0.08,0.03,0.18,884.49,28.58,0.0,886.07,-2.71
42.81,-0.23,7.41,7.76,0.04,0.07,0.02,0.18,888.86,28.58,0.0,886.82,-2.59
42.82,-0.17,7.48,7.75,0.02,0.06,0.02,0.16,891.38,28.59,0.0,887.78,-2.47
42.83,-0.11,7.54,7.73,-0.0,0.05,0.03,0.13,893.87,28.59,0.0,888.87,-2.37
42.84,-0.09,7.56,7.73,-0.01,0.04,0.07,0.1,898.22,28.61,0.0,890.05,-2.27
42.85,-0.11,7.54,7.72,-0.02,0.02,0.11,0.07,904.08,28.62,0.0,891.16,-2.19
42.86,-0.15,7.5,7.73,-0.01,0.01,0.14,0.05,909.5,28.63,0.0,892.1,-2.2
42.87,-0.2,7.47,7.76,0.0,0.01,0.14,0.05,912.91,28.63,0.0,892.82,-2.31
42.88,-0.23,7.46,7.79,0.02,0.02,0.12,0.05,914.25,28.63,0.0,893.31,-2.5
42.89,-0.23,7.47,7.81,0.04,0.03,0.08,0.07,914.86,28.63,0.0,893.52,-2.7
42.9,-0.19,7.49,7.81,0.06,0.05,0.04,0.08,916.1,28.63,0.0,893.5,-2.85
42.91,-0.13,7.52,7.78,0.08,0.06,0.0,0.1,917.97,28.62,0.0,893.31,-2.92
42.92,-0.07,7.51,7.74,0.09,0.08,-0.01,0.11,919.32,28.61,0.0,893.0,-2.92
42.93,-0.05,7.46,7.7,0.08,0.08,0.01,0.12,919.17,28.6,0.0,892.64,-2.86
42.94,-0.06,7.38,7.68,0.07,0.08,0.05,0.13,917.24,28.6,0.0,892.27,-2.76
42.95,-0.1,7.29,7.67,0.06,0.07,0.08,0.14,913.3,28.6,0.0,891.94,-2.66
42.96,-0.16,7.22,7.68,0.03,0.06,0.08,0.13,907.49,28.6,0.0,891.65,-2.59
42.97,-0.21,7.19,7.71,0.01,0.04,0.05,0.13,901.38,28.61,0.0,891.44,-2.55
42.98,-0.22,7.17,7.74,-0.01,0.03,0.02,0.13,897.47,28.62,0.0,891.44,-2.55
42.99,-0.19,7.15,7.78,-0.01,0.01,-0.01,0.13,897.26,28.62,0.0,891.68,-2.59
43.0,-0.14,7.14,7.82,-0.01,-0.0,-0.02,0.14,899.27,28.63,0.0,892.09,-2.65
43.01,-0.07,7.15,7.85,-0.01,-0.01,-0.02,0.13,899.22,28.63,0.0,892.55,-2.72
43.02,-0.03,7.18,7.89,0.01,-0.01,-0.02,0.1,893.97,28.63,0.0,892.94,-2.8
43.03,-0.02,7.23,7.91,0.02,0.0,-0.01,0.06,885.14,28.63,0.0,893.22,-2.85
43.04,-0.04,7.3,7.91,0.04,0.02,-0.02,0.02,877.92,28.62,0.0,893.41,-2.84
43.05,-0.09,7.37,7.89,0.06,0.04,-0.03,-0.01,876.32,28.62,0.0,893.56,-2.74
43.06,-0.16,7.45,7.85,0.08,0.06,-0.04,-0.02,879.98,28.63,0.0,893.65,-2.59
43.07,-0.21,7.5,7.8,0.09,0.07,-0.04,-0.01,885.32,28.63,0.0,893.66,-2.43
43.08,-0.23,7.54,7.76,0.09,0.08,-0.02,0.02,888.98,28.64,0.0,893.56,-2.31
43.09,-0.22,7.56,7.71,0.08,0.09,0.02,0.06,890.49,28.64,0.0,893.48,-2.25
43.1,-0.18,7.55,7.68,0.06,0.09,0.06,0.1,892.37,28.64,0.0,893.81,-2.23
43.11,-0.11,7.52,7.65,0.04,0.08,0.1,0.13,896.96,28.64,0.0,894.77,-2.23
43.12,-0.04,7.46,7.64,0.01,0.07,0.13,0.15,903.27,28.63,0.0,896.22,-2.26
43.13,0.01,7.41,7.64,-0.01,0.05,0.14,0.15,907.41,28.63,0.0,897.83,-2.35
43.14,-0.0,7.36,7.68,-0.02,0.03,0.12,0.14,906.49,28.62,0.0,899.35,-2.5
43.15,-0.06,7.34,7.72,-0.02,0.0,0.09,0.13,901.66,28.61,0.0,900.55,-2.68
43.16,-0.13,7.34,7.77,-0.01,-0.01,0.05,0.11,897.29,28.6,0.0,901.26,-2.83
43.17,-0.19,7.38,7.81,0.01,-0.02,0.02,0.11,896.91,28.6,0.0,901.48,-2.89
43.18,-0.23,7.44,7.83,0.02,-0.02,0.01,0.1,900.61,28.61,0.0,901.34,-2.87
43.19,-0.22,7.5,7.83,0.04,-0.01,-0.0,0.11,906.08,28.61,0.0,901.1,-2.78
43.2,-0.18,7.54,7.82,0.06,0.01,-0.01,0.11,910.94,28.62,0.0,900.93,-2.65
43.21,-0.1,7.54,7.81,0.08,0.03,-0.02,0.11,913.55,28.62,0.0,900.91,-2.52
43.22,-0.05,7.5,7.79,0.09,0.05,-0.01,0.11,912.67,28.62,0.0,901.04,-2.4
43.23,-0.02,7.41,7.78,0.09,0.06,0.02,0.12,908.13,28.61,0.0,901.27,-2.31
43.24,-0.04,7.28,7.77,0.08,0.07,0.06,0.12,901.81,28.61,0.0,901.53,-2.24
43.25,-0.09,7.16,7.76,0.06,0.08,0.09,0.12,896.75,28.61,0.0,901.74,-2.24
43.26,-0.14,7.07,7.73,0.04,0.07,0.11,0.12,894.99,28.61,0.0,901.86,-2.3
43.27,-0.2,7.04,7.7,0.01,0.07,0.1,0.12,896.34,28.61,0.0,901.98,-2.41
43.28,-0.22,7.06,7.65,-0.01,0.06,0.08,0.12,899.03,28.61,0.0,902.35,-2.51
43.29,-0.2,7.12,7.61,-0.01,0.04,0.04,0.12,901.33,28.6,0.0,903.12,-2.57
43.3,-0.16,7.2,7.58,-0.01,0.02,0.0,0.12,902.61,28.6,0.0,904.2,-2.56
43.31,-0.11,7.29,7.57,-0.0,0.0,-0.04,0.11,903.26,28.6,0.0,905.43,-2.49
43.32,-0.09,7.34,7.58,0.01,-0.01,-0.08,0.07,903.94,28.6,0.0,906.66,-2.38
43.33,-0.09,7.38,7.62,0.03,-0.02,-0.12,0.02,904.01,28.6,0.0,907.69,-2.24
43.34,-0.12,7.41,7.67,0.05,-0.01,-0.15,-0.02,900.99,28.6,0.0,908.29,-2.14
43.35,-0.15,7.46,7.73,0.06,0.0,-0.14,-0.03,893.28,28.6,0.0,908.36,-2.1
43.36,-0.18,7.51,7.79,0.08,0.02,-0.11,-0.02,883.41,28.6,0.0,908.17,-2.11
43.37,-0.19,7.53,7.84,0.09,0.04,-0.07,0.02,877.19,28.59,0.0,908.29,-2.19
43.38,-0.16,7.51,7.87,0.09,0.06,-0.03,0.08,878.66,28.59,0.0,909.13,-2.34
43.39,-0.11,7.44,7.89,0.08,0.07,0.01,0.15,886.32,28.59,0.0,910.53,-2.51
43.4,-0.07,7.36,7.9,0.06,0.08,0.04,0.2,894.88,28.6,0.0,911.99,-2.68
43.41,-0.05,7.28,7.9,0.04,0.08,0.08,0.21,899.84,28.6,0.0,913.12,-2.83
43.42,-0.07,7.22,7.88,0.02,0.07,0.11,0.2,900.33,28.6,0.0,913.73,-2.93
43.43,-0.12,7.22,7.87,0.0,0.06,0.14,0.18,898.41,28.61,0.0,913.82,-2.93
43.44,-0.18,7.28,7.86,-0.01,0.04,0.15,0.15,896.55,28.61,0.0,913.51,-2.81
43.45,-0.25,7.39,7.85,-0.01,0.02,0.14,0.14,896.05,28.62,0.0,913.14,-2.61
43.46,-0.28,7.51,7.86,-0.01,0.01,0.13,0.12,897.23,28.62,0.0,913.26,-2.4
43.47,-0.27,7.61,7.89,0.01,0.0,0.12,0.09,899.76,28.63,0.0,914.22,-2.21
43.48,-0.22,7.66,7.92,0.02,0.01,0.12,0.06,903.12,28.63,0.0,915.78,-2.09
43.49,-0.15,7.66,7.93,0.04,0.02,0.12,0.05,907.25,28.63,0.0,917.43,-2.07
43.5,-0.07,7.6,7.89,0.06,0.03,0.14,0.06,912.17,28.63,0.0,918.76,-2.13
43.51,-0.01,7.5,7.82,0.07,0.05,0.17,0.1,916.87,28.64,0.0,919.58,-2.26
43.52,0.01,7.37,7.76,0.08,0.06,0.2,0.15,919.59,28.63,0.0,919.89,-2.43
43.53,-0.01,7.24,7.74,0.08,0.07,0.22,0.18,919.3,28.63,0.0,919.84,-2.6
43.54,-0.07,7.13,7.75,0.08,0.08,0.23,0.19,916.31,28.62,0.0,919.68,-2.73
43.55,-0.13,7.07,7.76,0.06,0.09,0.22,0.19,911.23,28.62,0.0,919.81,-2.78
43.56,-0.19,7.07,7.73,0.04,0.08,0.18,0.18,904.87,28.61,0.0,920.47,-2.71
43.57,-0.22,7.11,7.68,0.02,0.07,0.13,0.17,898.92,28.61,0.0,921.52,-2.56
43.58,-0.21,7.17,7.63,-0.0,0.06,0.08,0.16,895.61,28.62,0.0,922.65,-2.4
43.59,-0.16,7.22,7.63,-0.02,0.04,0.04,0.16,896.15,28.63,0.0,923.58,-2.28
43.6,-0.09,7.26,7.65,-0.02,0.02,0.02,0.16,898.79,28.65,0.0,924.18,-2.21
43.61,-0.03,7.29,7.71,-0.02,0.01,0.01,0.16,899.14,28.66,0.0,924.38,-2.21
43.62,-0.01,7.32,7.77,-0.01,0.0,-0.01,0.15,894.06,28.65,0.0,924.23,-2.28
43.63,-0.04,7.36,7.83,0.0,0.01,-0.02,0.13,885.23,28.65,0.0,924.02,-2.39
43.64,-0.11,7.38,7.86,0.02,0.02,-0.02,0.11,877.92,28.64,0.0,924.31,-2.51
43.65,-0.21,7.39,7.87,0.05,0.04,0.01,0.1,876.22,28.64,0.0,925.44,-2.64
43.66,-0.3,7.38,7.85,0.07,0.05,0.06,0.11,879.8,28.64,0.0,927.15,-2.75
43.67,-0.36,7.36,7.82,0.09,0.07,0.11,0.13,885.1,28.64,0.0,928.87,-2.79
43.68,-0.36,7.33,7.8,0.09,0.08,0.16,0.15,888.75,28.65,0.0,930.12,-2.77
43.69,-0.31,7.3,7.79,0.09,0.09,0.19,0.18,890.27,28.65,0.0,930.8,-2.68
43.7,-0.24,7.28,7.78,0.07,0.09,0.2,0.2,892.17,28.65,0.0,931.11,-2.53
43.71,-0.16,7.28,7.76,0.05,0.09,0.18,0.2,896.84,28.65,0.0,931.3,-2.33
43.72,-0.09,7.31,7.75,0.03,0.07,0.14,0.2,903.71,28.65,0.0,931.61,-2.12
43.73,-0.06,7.36,7.74,0.01,0.05,0.08,0.19,910.27,28.65,0.0,932.28,-1.97
43.74,-0.08,7.44,7.75,-0.01,0.03,0.02,0.19,914.41,28.65,0.0,933.44,-1.92
43.75,-0.12,7.53,7.76,-0.01,0.0,-0.05,0.18,915.9,28.64,0.0,934.88,-1.96
43.76,-0.17,7.61,7.78,-0.01,-0.02,-0.09,0.19,916.2,28.63,0.0,936.24,-2.09
43.77,-0.19,7.64,7.79,0.0,-0.02,-0.1,0.2,916.83,28.62,0.0,937.28,-2.26
43.78,-0.19,7.63,7.79,0.02,-0.02,-0.07,0.22,918.06,28.61,0.0,937.94,-2.44
43.79,-0.16,7.57,7.78,0.03,-0.01,-0.02,0.22,919.01,28.61,0.0,938.34,-2.58
43.8,-0.12,7.45,7.76,0.06,0.01,0.05,0.19,918.85,28.62,0.0,938.65,-2.66
43.81,-0.06,7.31,7.74,0.08,0.04,0.12,0.15,917.16,28.62,0.0,938.98,-2.67
43.82,-0.03,7.21,7.72,0.1,0.06,0.18,0.11,913.37,28.63,0.0,939.52,-2.61
43.83,-0.02,7.16,7.7,0.11,0.07,0.21,0.1,907.38,28.63,0.0,940.33,-2.49
43.84,-0.04,7.16,7.69,0.1,0.08,0.21,0.1,900.67,28.63,0.0,941.29,-2.36
43.85,-0.08,7.17,7.68,0.09,0.08,0.18,0.12,895.66,28.63,0.0,942.17,-2.27
43.86,-0.14,7.17,7.67,0.06,0.07,0.12,0.14,893.86,28.62,0.0,942.81,-2.25
43.87,-0.2,7.14,7.67,0.04,0.07,0.05,0.16,894.98,28.61,0.0,943.18,-2.31
43.88,-0.22,7.1,7.67,0.01,0.06,-0.02,0.17,897.59,28.61,0.0,943.37,-2.39
43.89,-0.17,7.08,7.69,0.0,0.04,-0.09,0.18,900.26,28.6,0.0,943.48,-2.47
43.9,-0.07,7.08,7.71,-0.01,0.02,-0.15,0.18,902.26,28.6,0.0,943.61,-2.52
43.91,0.01,7.12,7.75,-0.0,0.01,-0.17,0.18,903.68,28.6,0.0,943.84,-2.55
43.92,0.03,7.19,7.79,0.0,0.0,-0.15,0.17,904.88,28.61,0.0,944.19,-2.55
43.93,-0.0,7.28,7.82,0.02,0.0,-0.11,0.16,905.57,28.62,0.0,944.58,-2.55
43.94,-0.08,7.37,7.83,0.04,0.01,-0.06,0.14,904.53,28.63,0.0,944.81,-2.54
43.95,-0.16,7.44,7.82,0.06,0.02,-0.04,0.11,900.99,28.63,0.0,944.75,-2.51
43.96,-0.22,7.49,7.79,0.08,0.04,-0.03,0.09,896.35,28.63,0.0,944.45,-2.47
43.97,-0.24,7.52,7.76,0.1,0.05,0.01,0.09,893.83,28.62,0.0,944.09,-2.41
43.98,-0.19,7.51,7.73,0.1,0.07,0.08,0.11,895.66,28.61,0.0,943.81,-2.32
43.99,-0.11,7.49,7.71,0.1,0.08,0.18,0.14,900.58,28.6,0.0,943.66,-2.24
44.0,-0.03,7.48,7.7,0.08,0.08,0.26,0.18,904.7,28.6,0.0,943.58,-2.22
44.01,0.0,7.49,7.7,0.06,0.07,0.27,0.22,904.94,28.6,0.0,943.5,-2.32
44.02,-0.01,7.51,7.71,0.04,0.06,0.22,0.26,901.57,28.6,0.0,943.37,-2.51
44.03,-0.06,7.53,7.72,0.01,0.05,0.13,0.27,897.31,28.61,0.0,943.17,-2.72
44.04,-0.14,7.52,7.72,-0.0,0.02,0.04,0.25,894.65,28.61,0.0,942.89,-2.9
44.05,-0.23,7.49,7.73,-0.01,-0.0,-0.03,0.2,894.48,28.62,0.0,942.59,-3.01
44.06,-0.29,7.45,7.75,-0.01,-0.02,-0.06,0.15,896.46,28.63,0.0,942.38,-3.03
44.07,-0.3,7.41,7.78,-0.0,-0.03,-0.05,0.1,899.78,28.62,0.0,942.33,-2.95
44.08,-0.27,7.39,7.82,0.01,-0.02,-0.01,0.07,903.05,28.62,0.0,942.51,-2.8
44.09,-0.22,7.36,7.86,0.03,-0.01,0.04,0.06,904.55,28.6,0.0,943.1,-2.61
44.1,-0.16,7.32,7.86,0.05,0.0,0.09,0.07,903.37,28.59,0.0,944.19,-2.43
44.11,-0.1,7.28,7.85,0.07,0.02,0.12,0.09,900.38,28.58,0.0,945.57,-2.28
44.12,-0.08,7.25,7.83,0.08,0.04,0.14,0.11,897.59,28.57,0.0,946.94,-2.2
44.13,-0.11,7.24,7.81,0.09,0.05,0.17,0.13,896.59,28.56,0.0,948.1,-2.21
44.14,-0.16,7.25,7.81,0.08,0.05,0.19,0.15,897.45,28.56,0.0,948.9,-2.31
44.15,-0.21,7.25,7.8,0.07,0.06,0.2,0.16,899.14,28.56,0.0,949.3,-2.45
44.16,-0.25,7.24,7.78,0.05,0.06,0.18,0.17,900.61,28.56,0.0,949.33,-2.63
44.17,-0.24,7.21,7.76,0.03,0.05,0.14,0.18,901.5,28.57,0.0,949.12,-2.79
44.18,-0.2,7.17,7.74,0.01,0.04,0.08,0.18,902.22,28.57,0.0,948.84,-2.87
44.19,-0.11,7.12,7.73,-0.0,0.03,0.02,0.17,903.25,28.58,0.0,948.6,-2.83
44.2,-0.01,7.09,7.74,-0.01,0.01,-0.03,0.16,903.76,28.59,0.0,948.44,-2.71
44.21,0.06,7.11,7.76,-0.01,-0.01,-0.06,0.14,901.11,28.6,0.0,948.35,-2.56
44.22,0.05,7.2,7.79,0.0,-0.02,-0.06,0.11,893.59,28.6,0.0,948.29,-2.43
44.23,-0.01,7.33,7.81,0.01,-0.01,-0.04,0.09,883.75,28.59,0.0,948.27,-2.33
44.24,-0.09,7.46,7.83,0.03,-0.0,-0.0,0.06,877.48,28.58,0.0,948.33,-2.28
44.25,-0.16,7.54,7.84,0.05,0.01,0.05,0.03,878.89,28.58,0.0,948.51,-2.24
44.26,-0.2,7.58,7.85,0.07,0.03,0.1,0.01,886.49,28.58,0.0,948.83,-2.22
44.27,-0.19,7.57,7.83,0.09,0.05,0.15,0.0,894.94,28.59,0.0,949.39,-2.27
44.28,-0.14,7.53,7.8,0.09,0.06,0.2,0.03,899.69,28.59,0.0,950.24,-2.39
44.29,-0.07,7.5,7.77,0.09,0.07,0.24,0.07,899.92,28.6,0.0,951.24,-2.57
44.3,-0.04,7.47,7.72,0.07,0.08,0.24,0.12,897.9,28.6,0.0,952.21,-2.69
44.31,-0.08,7.47,7.68,0.05,0.07,0.19,0.16,896.2,28.61,0.0,953.03,-2.7
44.32,-0.17,7.48,7.65,0.03,0.06,0.1,0.18,896.06,28.61,0.0,953.64,-2.6
44.33,-0.27,7.49,7.63,0.01,0.04,0.01,0.18,897.6,28.61,0.0,954.11,-2.44
44.34,-0.33,7.49,7.62,-0.0,0.01,-0.06,0.17,900.34,28.6,0.0,954.51,-2.25
44.35,-0.34,7.48,7.62,-0.01,-0.01,-0.09,0.15,903.8,28.59,0.0,954.92,-2.08
44.36,-0.29,7.48,7.64,-0.01,-0.03,-0.08,0.12,908.19,28.59,0.0,955.44,-1.96
44.37,-0.2,7.49,7.69,0.0,-0.03,-0.03,0.1,913.7,28.58,0.0,956.13,-1.92
44.38,-0.1,7.51,7.74,0.01,-0.02,0.04,0.08,919.19,28.58,0.0,956.93,-1.94
44.39,-0.01,7.51,7.79,0.03,-0.01,0.1,0.08,922.5,28.57,0.0,957.74,-2.02
44.4,0.04,7.48,7.82,0.05,0.01,0.13,0.07,922.32,28.57,0.0,958.53,-2.15
44.41,0.05,7.41,7.83,0.07,0.03,0.14,0.08,918.9,28.58,0.0,959.17,-2.3
44.42,-0.0,7.31,7.81,0.09,0.05,0.12,0.08,912.94,28.58,0.0,959.53,-2.45
44.43,-0.1,7.18,7.75,0.09,0.07,0.11,0.1,905.36,28.58,0.0,959.55,-2.57
44.44,-0.21,7.06,7.67,0.09,0.07,0.09,0.12,898.21,28.59,0.0,959.4,-2.66
44.45,-0.28,6.97,7.63,0.08,0.07,0.07,0.14,894.22,28.59,0.0,959.45,-2.66
44.46,-0.29,6.94,7.64,0.06,0.07,0.04,0.16,894.89,28.59,0.0,959.95,-2.57
44.47,-0.24,6.95,7.71,0.03,0.06,0.0,0.18,898.26,28.58,0.0,960.84,-2.42
44.48,-0.16,7.0,7.78,0.01,0.04,-0.01,0.18,899.5,28.58,0.0,961.9,-2.29
44.49,-0.1,7.09,7.83,0.0,0.02,0.01,0.17,895.03,28.57,0.0,962.92,-2.21
44.5,-0.06,7.19,7.85,-0.0,0.0,0.05,0.14,886.39,28.56,0.0,963.78,-2.21
44.51,-0.07,7.28,7.85,-0.0,-0.01,0.09,0.11,878.87,28.56,0.0,964.49,-2.22
44.52,-0.11,7.35,7.84,0.0,-0.01,0.11,0.07,876.67,28.57,0.0,965.09,-2.21
44.53,-0.17,7.4,7.84,0.02,-0.01,0.1,0.04,879.72,28.58,0.0,965.66,-2.2
44.54,-0.21,7.43,7.84,0.03,-0.0,0.07,0.02,884.77,28.58,0.0,966.31,-2.24
44.55,-0.21,7.45,7.85,0.05,0.01,0.04,0.03,888.65,28.59,0.0,967.11,-2.4
44.56,-0.18,7.47,7.86,0.08,0.03,0.01,0.05,890.68,28.59,0.0,968.0,-2.63
44.57,-0.14,7.47,7.87,0.09,0.05,-0.01,0.08,892.86,28.58,0.0,968.83,-2.78
44.58,-0.09,7.47,7.87,0.09,0.06,0.0,0.11,897.2,28.58,0.0,969.54,-2.78
44.59,-0.06,7.46,7.87,0.09,0.07,0.02,0.15,902.82,28.58,0.0,970.03,-2.64
44.6,-0.07,7.45,7.84,0.07,0.08,0.04,0.18,906.4,28.58,0.0,970.18,-2.48
44.61,-0.11,7.46,7.79,0.05,0.08,0.03,0.2,905.46,28.58,0.0,969.97,-2.39
44.62,-0.17,7.47,7.72,0.03,0.07,0.02,0.22,901.18,28.57,0.0,969.6,-2.4
44.63,-0.22,7.48,7.67,0.02,0.05,0.02,0.24,897.62,28.57,0.0,969.48,-2.47
44.64,-0.25,7.48,7.64,0.0,0.03,0.04,0.25,898.03,28.57,0.0,969.9,-2.54
44.65,-0.24,7.47,7.65,-0.0,0.0,0.09,0.25,902.28,28.57,0.0,970.76,-2.6
44.66,-0.21,7.45,7.69,-0.0,-0.02,0.13,0.23,907.85,28.58,0.0,971.78,-2.67
44.67,-0.14,7.41,7.74,0.0,-0.02,0.12,0.18,912.36,28.59,0.0,972.68,-2.75
44.68,-0.07,7.36,7.8,0.01,-0.02,0.09,0.12,914.38,28.6,0.0,973.32,-2.84
44.69,-0.02,7.32,7.82,0.03,-0.0,0.06,0.07,913.11,28.6,0.0,973.64,-2.91
44.7,0.0,7.29,7.81,0.05,0.02,0.05,0.03,908.68,28.6,0.0,973.69,-2.91
44.71,-0.01,7.26,7.78,0.07,0.03,0.07,0.02,902.81,28.59,0.0,973.66,-2.85
44.72,-0.04,7.24,7.74,0.09,0.05,0.1,0.03,898.01,28.58,0.0,973.94,-2.74
44.73,-0.09,7.21,7.71,0.09,0.06,0.12,0.07,895.94,28.57,0.0,974.8,-2.57
44.74,-0.13,7.18,7.7,0.09,0.08,0.13,0.12,896.52,28.57,0.0,976.06,-2.39
44.75,-0.15,7.16,7.7,0.08,0.08,0.14,0.16,898.58,28.58,0.0,977.35,-2.24
44.76,-0.14,7.16,7.7,0.06,0.08,0.17,0.2,900.86,28.59,0.0,978.38,-2.16
44.77,-0.11,7.18,7.71,0.04,0.07,0.22,0.22,902.71,28.59,0.0,978.98,-2.13
44.78,-0.07,7.21,7.73,0.03,0.05,0.25,0.22,904.19,28.6,0.0,979.1,-2.18
44.79,-0.05,7.24,7.77,0.01,0.03,0.26,0.2,905.62,28.6,0.0,978.8,-2.28
44.8,-0.05,7.26,7.82,0.0,0.01,0.24,0.17,906.12,28.6,0.0,978.35,-2.41
44.81,-0.07,7.29,7.88,-0.0,-0.01,0.2,0.13,903.06,28.59,0.0,978.12,-2.54
44.82,-0.11,7.34,7.92,-0.0,-0.02,0.15,0.09,894.81,28.58,0.0,978.38,-2.66
44.83,-0.14,7.4,7.94,0.01,-0.02,0.1,0.04,884.13,28.58,0.0,979.08,-2.75
44.84,-0.15,7.46,7.94,0.02,-0.01,0.06,0.02,877.18,28.57,0.0,980.08,-2.76
44.85,-0.13,7.53,7.93,0.04,-0.0,0.03,0.02,878.21,28.57,0.0,981.21,-2.69
44.86,-0.08,7.57,7.91,0.07,0.02,0.02,0.05,885.77,28.57,0.0,982.24,-2.55
44.87,-0.04,7.6,7.88,0.08,0.03,0.01,0.09,894.45,28.58,0.0,982.97,-2.43
44.88,-0.04,7.59,7.86,0.09,0.05,0.01,0.13,899.62,28.58,0.0,983.31,-2.35
44.89,-0.08,7.56,7.83,0.09,0.06,0.01,0.17,900.3,28.58,0.0,983.35,-2.34
44.9,-0.14,7.51,7.8,0.08,0.06,0.02,0.2,898.51,28.59,0.0,983.23,-2.38
44.91,-0.23,7.45,7.75,0.06,0.06,0.05,0.22,896.7,28.59,0.0,983.11,-2.45
44.92,-0.3,7.39,7.71,0.04,0.05,0.1,0.24,896.21,28.6,0.0,983.07,-2.51
44.93,-0.34,7.33,7.67,0.02,0.04,0.14,0.23,897.36,28.61,0.0,983.16,-2.54
44.94,-0.32,7.3,7.66,0.0,0.02,0.18,0.21,899.87,28.61,0.0,983.35,-2.53
44.95,-0.26,7.27,7.67,-0.01,0.0,0.21,0.17,903.22,28.61,0.0,983.6,-2.47
44.96,-0.17,7.25,7.69,-0.01,-0.01,0.21,0.13,907.36,28.61,0.0,983.82,-2.38
44.97,-0.07,7.23,7.72,-0.0,-0.02,0.17,0.12,912.29,28.61,0.0,983.96,-2.28
44.98,0.02,7.22,7.75,0.01,-0.02,0.11,0.13,917.01,28.6,0.0,984.02,-2.18
44.99,0.06,7.22,7.78,0.02,-0.02,0.04,0.16,919.75,28.6,0.0,984.0,-2.09
45.0,0.04,7.24,7.81,0.05,-0.01,-0.02,0.18,919.49,28.6,0.0,983.94,-2.01
45.01,-0.02,7.28,7.84,0.07,0.01,-0.05,0.2,916.73,28.6,0.0,983.87,-1.96
45.02,-0.09,7.32,7.85,0.08,0.03,-0.06,0.2,912.7,28.6,0.0,983.79,-1.97
45.03,-0.18,7.34,7.82,0.09,0.05,-0.03,0.18,908.53,28.6,0.0,983.72,-2.05
45.04,-0.24,7.32,7.78,0.08,0.07,0.02,0.16,905.33,28.6,0.0,983.65,-2.19
45.05,-0.24,7.28,7.72,0.07,0.08,0.07,0.14,904.09,28.6,0.0,983.57,-2.36
45.06,-0.18,7.21,7.68,0.06,0.08,0.12,0.13,905.14,28.6,0.0,983.48,-2.54
45.07,-0.08,7.14,7.65,0.04,0.06,0.15,0.13,906.79,28.6,0.0,983.43,-2.69
45.08,-0.0,7.1,7.65,0.02,0.04,0.15,0.15,905.22,28.6,0.0,983.57,-2.75
45.09,0.02,7.12,7.67,0.0,0.02,0.12,0.18,897.92,28.6,0.0,984.0,-2.72
45.1,-0.01,7.18,7.71,-0.01,0.01,0.07,0.21,887.18,28.6,0.0,984.7,-2.61
45.11,-0.09,7.28,7.74,-0.01,-0.0,0.02,0.21,878.78,28.6,0.0,985.76,-2.44
45.12,-0.16,7.38,7.77,-0.0,-0.01,-0.01,0.18,876.97,28.6,0.0,987.18,-2.25
45.13,-0.22,7.48,7.78,0.01,-0.0,-0.03,0.12,881.13,28.59,0.0,988.68,-2.08
45.14,-0.24,7.57,7.78,0.02,0.01,-0.02,0.06,887.11,28.59,0.0,989.88,-1.98
45.15,-0.19,7.64,7.78,0.05,0.02,-0.01,0.01,891.09,28.59,0.0,990.54,-1.98
45.16,-0.11,7.7,7.79,0.07,0.04,0.01,-0.01,892.41,28.6,0.0,990.68,-2.07
45.17,-0.05,7.7,7.78,0.08,0.06,0.04,-0.01,893.56,28.6,0.0,990.47,-2.23
45.18,-0.05,7.66,7.76,0.09,0.07,0.07,0.02,896.99,28.6,0.0,990.12,-2.42
45.19,-0.11,7.57,7.74,0.08,0.09,0.1,0.06,902.61,28.6,0.0,989.77,-2.61
45.2,-0.19,7.47,7.72,0.07,0.09,0.12,0.11,908.62,28.59,0.0,989.44,-2.75
45.21,-0.26,7.37,7.72,0.05,0.08,0.12,0.16,913.36,28.58,0.0,989.09,-2.83
45.22,-0.29,7.3,7.73,0.03,0.07,0.11,0.2,916.28,28.57,0.0,988.75,-2.85
45.23,-0.28,7.26,7.75,0.01,0.04,0.09,0.23,918.04,28.56,0.0,988.4,-2.8
45.24,-0.22,7.27,7.77,0.0,0.02,0.06,0.24,919.54,28.56,0.0,988.07,-2.7
45.25,-0.14,7.31,7.78,-0.01,-0.01,0.04,0.23,920.87,28.57,0.0,987.8,-2.57
45.26,-0.07,7.36,7.79,-0.01,-0.03,0.02,0.21,921.28,28.58,0.0,987.71,-2.45
45.27,-0.02,7.4,7.79,0.0,-0.03,-0.0,0.19,920.16,28.59,0.0,987.87,-2.36
45.28,-0.01,7.42,7.8,0.01,-0.02,-0.02,0.16,917.51,28.6,0.0,988.26,-2.31
45.29,-0.04,7.43,7.81,0.03,-0.01,-0.03,0.15,913.19,28.61,0.0,988.93,-2.34
45.3,-0.1,7.43,7.83,0.05,0.01,-0.05,0.13,907.33,28.6,0.0,989.87,-2.47
45.31,-0.16,7.42,7.85,0.08,0.02,-0.08,0.12,901.38,28.6,0.0,990.9,-2.65
45.32,-0.21,7.38,7.84,0.09,0.04,-0.08,0.11,897.67,28.59,0.0,991.79,-2.79
45.33,-0.22,7.3,7.8,0.1,0.06,-0.06,0.1,897.6,28.58,0.0,992.4,-2.82
45.34,-0.2,7.21,7.73,0.09,0.07,-0.02,0.09,899.64,28.57,0.0,992.73,-2.75
45.35,-0.17,7.13,7.67,0.08,0.08,0.03,0.08,899.54,28.57,0.0,992.87,-2.63
45.36,-0.14,7.09,7.63,0.06,0.08,0.06,0.09,894.18,28.58,0.0,992.95,-2.49
45.37,-0.13,7.09,7.62,0.04,0.07,0.08,0.09,885.23,28.59,0.0,993.07,-2.37
45.38,-0.14,7.13,7.64,0.02,0.06,0.09,0.11,877.93,28.6,0.0,993.36,-2.28
45.39,-0.17,7.21,7.69,0.0,0.04,0.08,0.13,876.29,28.61,0.0,993.89,-2.22
45.4,-0.2,7.31,7.74,-0.01,0.01,0.06,0.15,879.94,28.61,0.0,994.55,-2.18
45.41,-0.22,7.42,7.79,-0.01,-0.01,0.03,0.16,885.3,28.61,0.0,995.15,-2.23
45.42,-0.22,7.55,7.83,-0.01,-0.01,-0.03,0.17,888.96,28.6,0.0,995.57,-2.37
45.43,-0.2,7.66,7.86,0.01,-0.01,-0.1,0.17,890.45,28.59,0.0,995.8,-2.57
45.44,-0.15,7.72,7.89,0.03,0.0,-0.14,0.16,892.24,28.58,0.0,995.94,-2.77
45.45,-0.08,7.73,7.92,0.05,0.02,-0.14,0.15,896.69,28.57,0.0,996.09,-2.92
45.46,-0.0,7.67,7.94,0.07,0.04,-0.1,0.14,902.85,28.57,0.0,996.35,-2.99
45.47,0.04,7.58,7.94,0.09,0.06,-0.04,0.12,906.97,28.57,0.0,996.85,-2.97
45.48,0.02,7.47,7.91,0.09,0.07,0.02,0.12,906.24,28.57,0.0,997.67,-2.88
45.49,-0.05,7.37,7.86,0.09,0.08,0.06,0.12,901.76,28.57,0.0,998.63,-2.73
45.5,-0.14,7.3,7.81,0.08,0.09,0.09,0.12,897.74,28.58,0.0,999.43,-2.54
45.51,-0.23,7.28,7.76,0.06,0.08,0.09,0.14,897.62,28.59,0.0,999.85,-2.33
45.52,-0.29,7.3,7.72,0.04,0.07,0.08,0.15,901.43,28.6,0.0,999.95,-2.14
45.53,-0.3,7.34,7.7,0.02,0.06,0.08,0.16,906.79,28.61,0.0,999.98,-2.03
45.54,-0.24,7.38,7.71,0.0,0.04,0.1,0.15,911.36,28.61,0.0,1000.17,-2.04
45.55,-0.14,7.41,7.73,-0.01,0.02,0.13,0.13,913.64,28.62,0.0,1000.57,-2.15
45.56,-0.04,7.42,7.76,-0.01,0.0,0.13,0.11,912.7,28.62,0.0,1001.12,-2.33
45.57,0.02,7.41,7.78,-0.01,-0.01,0.08,0.11,908.57,28.61,0.0,1001.74,-2.55
45.58,0.04,7.38,7.79,0.0,-0.01,-0.01,0.11,902.91,28.61,0.0,1002.3,-2.74
45.59,0.01,7.35,7.8,0.02,-0.01,-0.1,0.12,898.2,28.61,0.0,1002.72,-2.84
45.6,-0.05,7.32,7.82,0.05,-0.0,-0.15,0.12,896.09,28.61,0.0,1002.96,-2.8
45.61,-0.13,7.3,7.82,0.07,0.01,-0.17,0.12,896.54,28.62,0.0,1003.06,-2.65
45.62,-0.18,7.29,7.82,0.08,0.03,-0.15,0.12,898.42,28.62,0.0,1003.19,-2.48
45.63,-0.2,7.28,7.78,0.09,0.06,-0.12,0.14,900.49,28.62,0.0,1003.47,-2.35
45.64,-0.19,7.28,7.74,0.08,0.08,-0.08,0.17,902.11,28.62,0.0,1003.87,-2.27
45.65,-0.16,7.28,7.68,0.07,0.09,-0.05,0.2,903.35,28.61,0.0,1004.35,-2.24
45.66,-0.13,7.26,7.64,0.05,0.09,-0.03,0.21,904.52,28.6,0.0,1004.84,-2.23
45.67,-0.12,7.24,7.6,0.04,0.08,-0.02,0.2,904.8,28.6,0.0,1005.27,-2.23
45.68,-0.13,7.24,7.61,0.02,0.07,-0.03,0.19,901.67,28.59,0.0,1005.6,-2.27
45.69,-0.15,7.29,7.66,0.01,0.04,-0.05,0.17,893.54,28.6,0.0,1005.84,-2.37
45.7,-0.18,7.37,7.73,-0.0,0.02,-0.07,0.15,883.21,28.61,0.0,1006.05,-2.5
45.71,-0.19,7.45,7.8,-0.01,-0.0,-0.08,0.14,876.88,28.62,0.0,1006.39,-2.59
45.72,-0.17,7.5,7.85,-0.0,-0.01,-0.07,0.13,878.83,28.63,0.0,1006.96,-2.61
45.73,-0.12,7.52,7.86,0.01,-0.01,-0.04,0.13,887.32,28.63,0.0,1007.7,-2.55
45.74,-0.06,7.52,7.85,0.02,0.0,-0.02,0.12,896.4,28.62,0.0,1008.45,-2.44
45.75,-0.03,7.49,7.83,0.04,0.02,-0.01,0.12,901.06,28.62,0.0,1009.09,-2.31
45.76,-0.01,7.46,7.82,0.06,0.04,-0.01,0.11,900.63,28.62,0.0,1009.54,-2.19
45.77,-0.04,7.45,7.8,0.08,0.05,-0.01,0.09,897.87,28.62,0.0,1009.79,-2.12
45.78,-0.12,7.46,7.8,0.08,0.07,0.02,0.06,895.8,28.61,0.0,1009.87,-2.13
45.79,-0.22,7.5,7.79,0.08,0.09,0.05,0.02,895.75,28.6,0.0,1009.86,-2.2
45.8,-0.29,7.54,7.79,0.07,0.1,0.09,0.0,897.7,28.58,0.0,1009.94,-2.34
45.81,-0.31,7.55,7.79,0.06,0.1,0.12,0.01,900.98,28.57,0.0,1010.21,-2.54
45.82,-0.28,7.55,7.79,0.05,0.1,0.13,0.05,904.79,28.55,0.0,1010.63,-2.74
45.83,-0.21,7.52,7.79,0.04,0.09,0.14,0.1,908.96,28.54,0.0,1011.11,-2.86
45.84,-0.12,7.47,7.77,0.02,0.06,0.14,0.16,913.46,28.54,0.0,1011.56,-2.88
45.85,-0.03,7.42,7.76,0.01,0.04,0.14,0.21,917.54,28.54,0.0,1011.93,-2.79
45.86,0.03,7.37,7.74,0.0,0.02,0.14,0.23,919.84,28.54,0.0,1012.27,-2.64
45.87,0.04,7.32,7.73,0.0,-0.0,0.13,0.22,919.61,28.55,0.0,1012.63,-2.49
45.88,0.01,7.29,7.73,0.01,-0.01,0.12,0.17,917.01,28.55,0.0,1012.99,-2.36
45.89,-0.05,7.26,7.74,0.03,-0.01,0.09,0.12,912.21,28.55,0.0,1013.29,-2.27
45.9,-0.13,7.24,7.77,0.05,0.0,0.05,0.08,905.66,28.55,0.0,1013.51,-2.21
45.91,-0.21,7.22,7.81,0.07,0.02,-0.0,0.05,899.09,28.55,0.0,1013.63,-2.2
45.92,-0.24,7.21,7.84,0.09,0.04,-0.05,0.04,895.1,28.55,0.0,1013.71,-2.23
45.93,-0.21,7.2,7.85,0.09,0.06,-0.09,0.05,895.2,28.54,0.0,1013.79,-2.33
45.94,-0.14,7.21,7.85,0.09,0.07,-0.11,0.07,897.82,28.55,0.0,1013.87,-2.46
45.95,-0.07,7.22,7.82,0.08,0.08,-0.1,0.09,898.67,28.55,0.0,1013.84,-2.6
45.96,-0.05,7.23,7.79,0.06,0.08,-0.06,0.12,894.58,28.56,0.0,1013.67,-2.75
45.97,-0.08,7.23,7.75,0.05,0.07,-0.01,0.14,886.9,28.57,0.0,1013.39,-2.86
45.98,-0.13,7.24,7.71,0.03,0.06,0.04,0.17,880.37,28.57,0.0,1013.11,-2.88
45.99,-0.2,7.23,7.67,0.01,0.04,0.09,0.19,878.73,28.57,0.0,1012.9,-2.8
46.0,-0.26,7.22,7.64,-0.0,0.02,0.11,0.21,881.79,28.55,0.0,1012.8,-2.65
46.01,-0.27,7.24,7.63,-0.01,0.0,0.12,0.21,886.45,28.54,0.0,1012.76,-2.47
46.02,-0.23,7.28,7.67,-0.01,-0.01,0.12,0.2,889.74,28.54,0.0,1012.72,-2.32
46.03,-0.15,7.34,7.73,0.01,-0.02,0.11,0.17,891.18,28.54,0.0,1012.66,-2.22
46.04,-0.07,7.42,7.79,0.02,-0.02,0.1,0.14,892.91,28.54,0.0,1012.49,-2.21
46.05,-0.02,7.48,7.83,0.05,-0.02,0.08,0.1,896.99,28.55,0.0,1012.19,-2.27
46.06,-0.01,7.54,7.85,0.07,-0.01,0.07,0.08,902.5,28.55,0.0,1011.85,-2.39
46.07,-0.04,7.59,7.84,0.09,0.01,0.05,0.07,906.06,28.54,0.0,1011.61,-2.55
46.08,-0.11,7.64,7.82,0.1,0.03,0.04,0.09,905.15,28.54,0.0,1011.6,-2.73
46.09,-0.19,7.67,7.79,0.1,0.04,0.04,0.12,900.9,28.54,0.0,1011.86,-2.89
46.1,-0.26,7.68,7.76,0.09,0.06,0.05,0.15,897.38,28.54,0.0,1012.49,-2.97
46.11,-0.28,7.64,7.74,0.07,0.06,0.08,0.16,897.85,28.55,0.0,1013.53,-2.94
46.12,-0.27,7.56,7.71,0.05,0.06,0.13,0.16,902.16,28.56,0.0,1014.77,-2.83
46.13,-0.23,7.45,7.7,0.03,0.05,0.15,0.15,907.77,28.57,0.0,1015.92,-2.68
46.14,-0.17,7.33,7.7,0.01,0.03,0.14,0.14,912.28,28.58,0.0,1016.77,-2.54
46.15,-0.1,7.22,7.7,-0.01,0.01,0.1,0.12,914.26,28.58,0.0,1017.26,-2.42
46.16,-0.07,7.17,7.71,-0.01,-0.0,0.04,0.11,912.96,28.58,0.0,1017.36,-2.33
46.17,-0.06,7.19,7.72,-0.01,-0.01,-0.03,0.09,908.54,28.58,0.0,1017.15,-2.26
46.18,-0.09,7.26,7.72,0.01,-0.0,-0.09,0.07,902.71,28.58,0.0,1016.79,-2.22
46.19,-0.12,7.33,7.72,0.03,0.01,-0.12,0.06,897.96,28.58,0.0,1016.53,-2.24
46.2,-0.15,7.35,7.73,0.05,0.02,-0.12,0.05,895.91,28.58,0.0,1016.52,-2.37
46.21,-0.17,7.32,7.75,0.07,0.04,-0.1,0.05,896.49,28.58,0.0,1016.69,-2.55
46.22,-0.15,7.27,7.77,0.08,0.05,-0.07,0.05,898.56,28.58,0.0,1016.79,-2.7
46.23,-0.11,7.22,7.8,0.08,0.06,-0.02,0.06,900.89,28.58,0.0,1016.62,-2.75
46.24,-0.07,7.19,7.83,0.08,0.07,0.03,0.08,902.8,28.58,0.0,1016.24,-2.69
46.25,-0.04,7.18,7.83,0.07,0.07,0.07,0.09,904.32,28.58,0.0,1015.88,-2.55
46.26,-0.06,7.18,7.79,0.06,0.07,0.11,0.1,905.73,28.58,0.0,1015.74,-2.36
46.27,-0.11,7.19,7.72,0.04,0.07,0.13,0.11,906.59,28.58,0.0,1015.88,-2.17
46.28,-0.17,7.22,7.66,0.03,0.06,0.14,0.13,905.44,28.57,0.0,1016.33,-2.03
46.29,-0.21,7.25,7.64,0.01,0.05,0.12,0.16,901.38,28.57,0.0,1017.06,-1.97
46.3,-0.22,7.29,7.66,-0.0,0.03,0.08,0.2,896.01,28.57,0.0,1017.88,-1.98
46.31,-0.2,7.35,7.7,-0.01,0.02,0.04,0.23,893.03,28.57,0.0,1018.59,-2.06
46.32,-0.13,7.43,7.73,-0.01,0.0,-0.01,0.24,894.97,28.57,0.0,1019.08,-2.19
46.33,-0.03,7.52,7.76,0.0,-0.0,-0.05,0.23,900.45,28.57,0.0,1019.35,-2.35
46.34,0.03,7.6,7.78,0.02,-0.0,-0.08,0.2,905.06,28.57,0.0,1019.59,-2.48
46.35,0.05,7.65,7.81,0.04,0.0,-0.1,0.16,905.34,28.57,0.0,1019.93,-2.59
46.36,0.01,7.67,7.85,0.07,0.01,-0.12,0.12,901.87,28.58,0.0,1020.4,-2.64
46.37,-0.07,7.64,7.87,0.08,0.02,-0.11,0.09,898.53,28.58,0.0,1020.94,-2.64
46.38,-0.18,7.57,7.86,0.09,0.03,-0.08,0.07,898.65,28.59,0.0,1021.49,-2.58
46.39,-0.29,7.48,7.82,0.09,0.05,-0.03,0.05,902.41,28.58,0.0,1021.98,-2.48
46.4,-0.36,7.38,7.79,0.08,0.06,0.01,0.05,907.85,28.57,0.0,1022.4,-2.37
46.41,-0.37,7.3,7.77,0.07,0.07,0.04,0.09,912.9,28.56,0.0,1022.76,-2.26
46.42,-0.32,7.24,7.78,0.05,0.06,0.05,0.13,915.9,28.56,0.0,1023.04,-2.17
46.43,-0.25,7.19,7.79,0.03,0.05,0.05,0.17,915.33,28.55,0.0,1023.23,-2.12
46.44,-0.17,7.14,7.8,0.01,0.03,0.05,0.19,910.8,28.55,0.0,1023.33,-2.12
46.45,-0.1,7.11,7.8,-0.0,0.01,0.06,0.17,904.11,28.56,0.0,1023.42,-2.15
46.46,-0.07,7.11,7.79,-0.01,-0.0,0.06,0.15,898.25,28.56,0.0,1023.74,-2.25
46.47,-0.08,7.15,7.76,-0.01,-0.01,0.05,0.13,895.3,28.56,0.0,1024.42,-2.4
46.48,-0.12,7.24,7.74,-0.0,-0.02,0.02,0.11,895.39,28.56,0.0,1025.32,-2.57
46.49,-0.17,7.32,7.72,0.01,-0.01,0.0,0.1,897.31,28.56,0.0,1026.09,-2.69
46.5,-0.2,7.39,7.73,0.03,0.01,-0.01,0.08,899.69,28.56,0.0,1026.47,-2.73
46.51,-0.2,7.41,7.76,0.06,0.02,-0.02,0.06,901.69,28.56,0.0,1026.49,-2.69
46.52,-0.16,7.39,7.79,0.08,0.04,-0.02,0.04,903.26,28.55,0.0,1026.36,-2.6
46.53,-0.1,7.32,7.83,0.09,0.07,-0.02,0.02,904.64,28.55,0.0,1026.31,-2.5
46.54,-0.03,7.23,7.85,0.09,0.08,-0.01,0.01,905.06,28.55,0.0,1026.43,-2.41
46.55,0.01,7.17,7.86,0.08,0.09,0.0,0.02,902.23,28.54,0.0,1026.83,-2.37
46.56,-0.02,7.15,7.85,0.07,0.09,0.02,0.07,894.71,28.55,0.0,1027.49,-2.38
46.57,-0.09,7.19,7.82,0.05,0.08,0.04,0.14,885.08,28.55,0.0,1028.28,-2.43
46.58,-0.16,7.25,7.78,0.03,0.06,0.06,0.2,879.01,28.56,0.0,1029.0,-2.5
46.59,-0.21,7.32,7.73,0.01,0.03,0.08,0.22,880.39,28.56,0.0,1029.55,-2.56
46.6,-0.21,7.38,7.69,-0.0,0.01,0.09,0.22,887.72,28.56,0.0,1029.89,-2.61
46.61,-0.16,7.44,7.66,-0.01,-0.02,0.09,0.19,895.74,28.56,0.0,1030.09,-2.63
46.62,-0.09,7.5,7.66,-0.01,-0.03,0.07,0.15,900.0,28.56,0.0,1030.24,-2.62
46.63,-0.01,7.57,7.67,0.0,-0.04,0.05,0.12,899.81,28.56,0.0,1030.42,-2.59
46.64,0.02,7.62,7.69,0.02,-0.03,0.03,0.09,897.5,28.57,0.0,1030.72,-2.54
46.65,-0.03,7.65,7.69,0.04,-0.02,0.02,0.09,895.69,28.57,0.0,1031.2,-2.49
46.66,-0.13,7.66,7.69,0.06,-0.0,0.01,0.09,895.57,28.56,0.0,1031.79,-2.44
46.67,-0.25,7.64,7.68,0.08,0.02,0.01,0.11,897.22,28.56,0.0,1032.38,-2.4
46.68,-0.33,7.59,7.69,0.09,0.04,-0.02,0.13,900.1,28.55,0.0,1032.9,-2.36
46.69,-0.36,7.52,7.7,0.09,0.06,-0.05,0.15,903.69,28.55,0.0,1033.28,-2.35
46.7,-0.33,7.46,7.71,0.08,0.08,-0.07,0.17,908.17,28.54,0.0,1033.49,-2.39
46.71,-0.25,7.4,7.71,0.07,0.08,-0.06,0.18,913.75,28.55,0.0,1033.55,-2.51
46.72,-0.15,7.36,7.71,0.05,0.07,-0.03,0.18,919.29,28.56,0.0,1033.55,-2.68
46.73,-0.06,7.32,7.69,0.04,0.05,0.03,0.18,922.6,28.57,0.0,1033.7,-2.86
46.74,-0.02,7.28,7.67,0.02,0.03,0.09,0.18,922.38,28.57,0.0,1034.13,-3.02
46.75,-0.02,7.23,7.65,-0.0,0.01,0.15,0.17,918.95,28.57,0.0,1034.75,-3.11
46.76,-0.06,7.19,7.63,-0.01,-0.01,0.19,0.16,913.17,28.57,0.0,1035.37,-3.09
46.77,-0.11,7.16,7.63,-0.01,-0.02,0.2,0.14,906.08,28.57,0.0,1035.83,-2.94
46.78,-0.17,7.14,7.64,-0.0,-0.02,0.2,0.11,899.56,28.57,0.0,1036.08,-2.71
46.79,-0.21,7.14,7.68,0.02,-0.02,0.18,0.09,896.0,28.57,0.0,1036.2,-2.48
46.8,-0.2,7.14,7.74,0.04,-0.01,0.14,0.08,896.6,28.57,0.0,1036.28,-2.32
46.81,-0.17,7.15,7.8,0.06,0.01,0.1,0.08,899.49,28.57,0.0,1036.42,-2.25
46.82,-0.14,7.17,7.86,0.08,0.03,0.07,0.08,900.07,28.57,0.0,1036.77,-2.25
46.83,-0.13,7.22,7.89,0.09,0.06,0.07,0.08,895.01,28.58,0.0,1037.43,-2.29
46.84,-0.16,7.27,7.89,0.09,0.08,0.07,0.08,886.05,28.58,0.0,1038.26,-2.36
46.85,-0.2,7.31,7.86,0.08,0.09,0.08,0.07,878.75,28.59,0.0,1039.11,-2.43
46.86,-0.25,7.34,7.8,0.07,0.09,0.07,0.07,877.39,28.59,0.0,1039.82,-2.49
46.87,-0.29,7.34,7.74,0.05,0.08,0.05,0.08,881.54,28.58,0.0,1040.3,-2.53
46.88,-0.29,7.35,7.7,0.02,0.06,0.02,0.09,887.29,28.58,0.0,1040.49,-2.52
46.89,-0.25,7.38,7.67,0.01,0.04,0.0,0.13,890.99,28.58,0.0,1040.37,-2.45
46.9,-0.17,7.43,7.67,-0.01,0.02,-0.01,0.17,892.1,28.58,0.0,1040.08,-2.32
46.91,-0.09,7.47,7.69,-0.02,0.0,-0.01,0.19,893.14,28.59,0.0,1039.78,-2.21
46.92,-0.02,7.51,7.72,-0.02,-0.01,-0.01,0.19,896.55,28.58,0.0,1039.58,-2.13
46.93,0.03,7.54,7.75,-0.01,-0.01,-0.01,0.17,901.67,28.58,0.0,1039.54,-2.11
46.94,0.04,7.56,7.78,0.01,-0.01,0.0,0.13,905.15,28.57,0.0,1039.7,-2.14
46.95,-0.01,7.59,7.8,0.03,0.0,0.02,0.09,904.38,28.57,0.0,1040.06,-2.23
46.96,-0.09,7.62,7.81,0.05,0.01,0.04,0.05,900.37,28.57,0.0,1040.47,-2.34
46.97,-0.17,7.63,7.82,0.07,0.03,0.06,0.01,897.01,28.57,0.0,1040.72,-2.48
46.98,-0.23,7.61,7.82,0.08,0.05,0.07,-0.02,897.48,28.58,0.0,1040.68,-2.66
46.99,-0.26,7.57,7.83,0.08,0.07,0.07,-0.05,901.66,28.58,0.0,1040.4,-2.83
47.0,-0.26,7.5,7.83,0.08,0.09,0.08,-0.05,907.15,28.58,0.0,1040.04,-2.9
47.01,-0.22,7.39,7.81,0.07,0.1,0.1,-0.03,911.65,28.58,0.0,1039.74,-2.83
47.02,-0.17,7.26,7.79,0.05,0.1,0.12,0.02,913.77,28.57,0.0,1039.59,-2.63
47.03,-0.12,7.17,7.78,0.04,0.08,0.12,0.07,912.67,28.57,0.0,1039.59,-2.37
47.04,-0.09,7.11,7.76,0.02,0.06,0.08,0.11,908.46,28.57,0.0,1039.72,-2.08
47.05,-0.07,7.1,7.75,0.01,0.03,0.02,0.14,902.8,28.58,0.0,1039.92,-1.83
47.06,-0.08,7.12,7.76,-0.0,0.0,-0.02,0.15,898.14,28.58,0.0,1040.16,-1.7
47.07,-0.09,7.16,7.78,-0.01,-0.01,-0.03,0.15,896.1,28.58,0.0,1040.41,-1.73
47.08,-0.11,7.21,7.8,0.0,-0.02,0.0,0.15,896.61,28.58,0.0,1040.66,-1.88
47.09,-0.11,7.26,7.83,0.01,-0.01,0.04,0.14,898.54,28.58,0.0,1040.98,-2.1
47.1,-0.09,7.31,7.85,0.03,-0.0,0.08,0.12,900.67,28.58,0.0,1041.41,-2.37
47.11,-0.06,7.35,7.87,0.05,0.01,0.09,0.09,902.36,28.58,0.0,1041.91,-2.61
47.12,-0.04,7.38,7.87,0.07,0.02,0.09,0.07,903.64,28.58,0.0,1042.41,-2.79
47.13,-0.04,7.38,7.84,0.08,0.04,0.09,0.06,904.81,28.57,0.0,1042.86,-2.89
47.14,-0.06,7.36,7.8,0.09,0.07,0.09,0.06,905.05,28.55,0.0,1043.21,-2.9
47.15,-0.11,7.33,7.75,0.08,0.08,0.07,0.08,901.84,28.53,0.0,1043.38,-2.83
47.16,-0.16,7.31,7.69,0.07,0.09,0.04,0.12,893.64,28.52,0.0,1043.35,-2.66
47.17,-0.21,7.3,7.64,0.05,0.08,-0.01,0.18,883.24,28.51,0.0,1043.18,-2.46
47.18,-0.23,7.32,7.62,0.04,0.07,-0.04,0.23,876.88,28.5,0.0,1042.99,-2.29
47.19,-0.21,7.35,7.63,0.02,0.05,-0.05,0.25,878.82,28.5,0.0,1042.85,-2.2
47.2,-0.17,7.39,7.66,0.0,0.03,-0.03,0.24,887.33,28.5,0.0,1042.82,-2.2
47.21,-0.12,7.45,7.7,-0.01,0.02,-0.01,0.21,896.41,28.51,0.0,1042.94,-2.27
47.22,-0.09,7.51,7.72,-0.01,0.01,0.02,0.14,901.07,28.51,0.0,1043.2,-2.4
47.23,-0.09,7.57,7.72,-0.01,0.01,0.03,0.08,900.57,28.52,0.0,1043.52,-2.56
47.24,-0.11,7.61,7.72,0.0,0.01,0.05,0.03,897.57,28.52,0.0,1043.75,-2.69
47.25,-0.16,7.61,7.73,0.03,0.02,0.06,0.02,895.03,28.53,0.0,1043.78,-2.79
47.26,-0.21,7.59,7.75,0.05,0.03,0.07,0.03,894.47,28.53,0.0,1043.69,-2.85
47.27,-0.24,7.53,7.77,0.07,0.04,0.09,0.05,896.32,28.54,0.0,1043.7,-2.81
47.28,-0.24,7.45,7.79,0.08,0.05,0.12,0.05,900.16,28.54,0.0,1043.98,-2.69
47.29,-0.2,7.36,7.79,0.09,0.07,0.15,0.05,905.04,28.55,0.0,1044.46,-2.51
47.3,-0.15,7.27,7.77,0.08,0.07,0.17,0.05,910.23,28.55,0.0,1044.96,-2.37
47.31,-0.11,7.17,7.72,0.07,0.07,0.17,0.07,915.33,28.55,0.0,1045.32,-2.32
47.32,-0.07,7.08,7.66,0.06,0.06,0.14,0.12,919.45,28.55,0.0,1045.48,-2.37
47.33,-0.06,7.03,7.62,0.04,0.04,0.1,0.17,921.24,28.54,0.0,1045.45,-2.51
47.34,-0.09,7.03,7.61,0.02,0.03,0.06,0.2,920.05,28.53,0.0,1045.29,-2.71
47.35,-0.13,7.07,7.64,-0.0,0.01,0.03,0.22,916.6,28.53,0.0,1045.1,-2.93
47.36,-0.17,7.14,7.7,-0.02,-0.0,0.02,0.22,912.15,28.52,0.0,1045.06,-3.08
47.37,-0.19,7.23,7.75,-0.02,-0.01,0.01,0.2,907.77,28.52,0.0,1045.26,-3.15
47.38,-0.19,7.31,7.8,-0.01,-0.01,0.02,0.17,904.46,28.53,0.0,1045.68,-3.12
47.39,-0.15,7.35,7.84,0.01,-0.0,0.03,0.14,903.12,28.54,0.0,1046.29,-3.02
47.4,-0.1,7.34,7.85,0.03,0.0,0.04,0.11,904.0,28.54,0.0,1047.04,-2.86
47.41,-0.04,7.29,7.85,0.05,0.01,0.04,0.08,905.54,28.53,0.0,1047.78,-2.68
47.42,-0.01,7.24,7.83,0.07,0.02,0.03,0.05,904.22,28.53,0.0,1048.36,-2.5
47.43,-0.03,7.21,7.8,0.08,0.04,0.01,0.01,897.7,28.53,0.0,1048.69,-2.33
47.44,-0.09,7.21,7.77,0.08,0.07,-0.0,-0.02,887.99,28.53,0.0,1048.82,-2.19
47.45,-0.15,7.24,7.75,0.08,0.09,0.0,-0.03,880.15,28.54,0.0,1048.95,-2.12
47.46,-0.2,7.28,7.75,0.07,0.09,0.04,-0.0,877.93,28.54,0.0,1049.25,-2.13
47.47,-0.22,7.33,7.77,0.05,0.09,0.1,0.06,880.94,28.55,0.0,1049.7,-2.21
47.48,-0.2,7.39,7.8,0.04,0.07,0.15,0.14,885.84,28.55,0.0,1050.16,-2.34
47.49,-0.16,7.45,7.83,0.02,0.05,0.17,0.2,889.43,28.56,0.0,1050.52,-2.49
47.5,-0.11,7.51,7.85,0.0,0.03,0.16,0.23,891.09,28.56,0.0,1050.73,-2.62
47.51,-0.08,7.56,7.86,-0.01,0.01,0.13,0.23,892.95,28.56,0.0,1050.77,-2.68
47.52,-0.08,7.58,7.84,-0.01,0.0,0.11,0.2,897.06,28.55,0.0,1050.66,-2.65
47.53,-0.12,7.57,7.81,-0.01,-0.0,0.09,0.15,903.03,28.55,0.0,1050.53,-2.53
47.54,-0.15,7.56,7.78,0.01,0.0,0.07,0.1,908.78,28.54,0.0,1050.56,-2.38
47.55,-0.17,7.53,7.79,0.02,0.01,0.05,0.07,912.58,28.54,0.0,1050.88,-2.23
47.56,-0.17,7.5,7.81,0.05,0.03,0.03,0.06,914.33,28.53,0.0,1051.39,-2.12
47.57,-0.14,7.48,7.84,0.06,0.04,0.02,0.06,915.56,28.54,0.0,1051.91,-2.08
47.58,-0.11,7.47,7.84,0.08,0.06,0.01,0.08,917.74,28.54,0.0,1052.26,-2.13
47.59,-0.08,7.47,7.82,0.08,0.08,0.02,0.11,920.66,28.54,0.0,1052.42,-2.24
47.6,-0.06,7.45,7.78,0.08,0.09,0.04,0.14,922.72,28.55,0.0,1052.44,-2.37
47.61,-0.08,7.41,7.73,0.07,0.09,0.06,0.16,922.63,28.55,0.0,1052.44,-2.49
47.62,-0.11,7.34,7.68,0.05,0.08,0.08,0.18,920.14,28.54,0.0,1052.52,-2.57
47.63,-0.15,7.29,7.63,0.03,0.07,0.08,0.19,915.18,28.54,0.0,1052.86,-2.56
47.64,-0.18,7.26,7.59,0.02,0.05,0.06,0.2,908.09,28.54,0.0,1053.57,-2.46
47.65,-0.2,7.25,7.56,-0.0,0.04,0.02,0.2,900.79,28.54,0.0,1054.49,-2.29
47.66,-0.19,7.26,7.56,-0.01,0.02,-0.01,0.19,896.22,28.54,0.0,1055.38,-2.12
47.67,-0.15,7.25,7.58,-0.01,0.01,-0.01,0.17,896.1,28.54,0.0,1056.05,-1.98
47.68,-0.09,7.22,7.63,-0.0,-0.0,0.01,0.14,898.75,28.53,0.0,1056.38,-1.91
47.69,-0.05,7.21,7.68,0.01,-0.01,0.04,0.12,899.42,28.53,0.0,1056.3,-1.89
47.7,-0.03,7.21,7.74,0.03,-0.01,0.06,0.09,894.62,28.53,0.0,1055.83,-1.93
47.71,-0.05,7.23,7.79,0.06,0.0,0.08,0.07,885.83,28.54,0.0,1055.18,-2.01
47.72,-0.09,7.27,7.81,0.08,0.02,0.11,0.05,878.32,28.55,0.0,1054.7,-2.16
47.73,-0.13,7.31,7.8,0.09,0.04,0.17,0.03,876.22,28.54,0.0,1054.64,-2.38
47.74,-0.17,7.37,7.76,0.09,0.06,0.24,0.01,879.41,28.53,0.0,1054.95,-2.64
47.75,-0.19,7.42,7.72,0.09,0.07,0.28,0.01,884.65,28.52,0.0,1055.44,-2.85
47.76,-0.18,7.46,7.68,0.07,0.08,0.28,0.03,888.76,28.51,0.0,1055.9,-2.98
47.77,-0.16,7.5,7.65,0.05,0.08,0.23,0.06,891.0,28.51,0.0,1056.23,-3.0
47.78,-0.13,7.52,7.65,0.03,0.07,0.16,0.11,893.3,28.51,0.0,1056.47,-2.93
47.79,-0.12,7.51,7.68,0.01,0.05,0.09,0.14,897.58,28.52,0.0,1056.65,-2.79
47.8,-0.11,7.48,7.71,-0.0,0.03,0.03,0.17,903.01,28.53,0.0,1056.86,-2.61
47.81,-0.11,7.44,7.73,-0.01,0.01,-0.01,0.19,906.35,28.53,0.0,1057.21,-2.45
47.82,-0.13,7.41,7.74,-0.01,-0.0,-0.01,0.2,905.19,28.54,0.0,1057.76,-2.33
47.83,-0.14,7.41,7.72,-0.01,-0.01,0.01,0.2,900.77,28.54,0.0,1058.42,-2.28
47.84,-0.15,7.41,7.69,0.01,-0.01,0.04,0.19,897.18,28.53,0.0,1058.98,-2.28
47.85,-0.15,7.44,7.67,0.03,-0.0,0.07,0.15,897.69,28.53,0.0,1059.34,-2.33
47.86,-0.14,7.47,7.66,0.05,0.01,0.09,0.1,902.1,28.53,0.0,1059.47,-2.42
47.87,-0.13,7.51,7.67,0.07,0.03,0.09,0.06,907.84,28.53,0.0,1059.49,-2.5
47.88,-0.13,7.54,7.7,0.08,0.05,0.07,0.04,912.45,28.53,0.0,1059.49,-2.58
47.89,-0.13,7.55,7.73,0.08,0.08,0.03,0.05,914.51,28.53,0.0,1059.53,-2.64
47.9,-0.14,7.53,7.76,0.08,0.09,0.01,0.08,913.26,28.53,0.0,1059.62,-2.64
47.91,-0.15,7.46,7.76,0.08,0.09,-0.0,0.12,908.87,28.54,0.0,1059.72,-2.58
47.92,-0.16,7.36,7.76,0.07,0.08,0.01,0.17,903.05,28.54,0.0,1059.79,-2.49
47.93,-0.16,7.26,7.76,0.06,0.07,0.05,0.21,898.29,28.54,0.0,1059.68,-2.42
47.94,-0.16,7.18,7.78,0.04,0.05,0.09,0.23,896.18,28.54,0.0,1059.32,-2.4
47.95,-0.15,7.14,7.82,0.02,0.03,0.13,0.23,896.68,28.53,0.0,1058.82,-2.44
47.96,-0.13,7.13,7.85,-0.0,0.02,0.14,0.22,898.7,28.53,0.0,1058.38,-2.51
47.97,-0.1,7.17,7.85,-0.01,0.01,0.11,0.2,901.03,28.53,0.0,1058.17,-2.57
47.98,-0.07,7.24,7.82,-0.01,0.0,0.06,0.17,902.98,28.54,0.0,1058.23,-2.63
47.99,-0.06,7.3,7.79,0.0,0.0,0.01,0.13,904.55,28.55,0.0,1058.57,-2.7
48.0,-0.08,7.34,7.77,0.02,0.01,-0.01,0.08,905.98,28.55,0.0,1059.14,-2.82
48.01,-0.12,7.37,7.78,0.04,0.02,0.0,0.03,906.39,28.54,0.0,1059.8,-2.95
48.02,-0.16,7.4,7.81,0.06,0.04,0.03,0.01,903.2,28.54,0.0,1060.39,-3.01
48.03,-0.2,7.46,7.83,0.07,0.06,0.07,0.03,894.81,28.54,0.0,1060.81,-2.96
48.04,-0.22,7.53,7.86,0.08,0.08,0.11,0.07,884.02,28.54,0.0,1061.03,-2.81
48.05,-0.21,7.57,7.87,0.08,0.09,0.14,0.12,877.01,28.55,0.0,1061.05,-2.61
48.06,-0.18,7.54,7.87,0.07,0.09,0.16,0.16,878.02,28.55,0.0,1060.92,-2.41
48.07,-0.13,7.45,7.87,0.06,0.08,0.18,0.18,885.59,28.56,0.0,1060.75,-2.26
48.08,-0.1,7.35,7.85,0.05,0.07,0.17,0.18,894.27,28.56,0.0,1060.71,-2.17
48.09,-0.09,7.26,7.82,0.03,0.05,0.14,0.17,899.4,28.56,0.0,1060.9,-2.12
48.1,-0.11,7.22,7.79,0.0,0.04,0.1,0.16,900.02,28.56,0.0,1061.3,-2.12
48.11,-0.14,7.24,7.76,-0.01,0.02,0.06,0.14,898.18,28.55,0.0,1061.85,-2.18
48.12,-0.19,7.31,7.72,-0.01,0.01,0.04,0.13,896.39,28.55,0.0,1062.49,-2.29
48.13,-0.23,7.42,7.7,-0.0,0.0,0.05,0.11,895.96,28.55,0.0,1063.09,-2.42
48.14,-0.24,7.54,7.7,0.01,0.01,0.06,0.1,897.19,28.55,0.0,1063.53,-2.55
48.15,-0.22,7.64,7.72,0.03,0.01,0.07,0.08,899.78,28.54,0.0,1063.74,-2.65
48.16,-0.18,7.7,7.76,0.05,0.02,0.06,0.05,903.18,28.53,0.0,1063.73,-2.71
48.17,-0.14,7.72,7.8,0.07,0.04,0.05,0.04,907.37,28.53,0.0,1063.47,-2.71
48.18,-0.1,7.68,7.84,0.08,0.06,0.04,0.03,912.33,28.53,0.0,1062.99,-2.65
48.19,-0.07,7.6,7.85,0.08,0.08,0.03,0.04,917.08,28.53,0.0,1062.46,-2.56
48.2,-0.07,7.49,7.85,0.09,0.09,0.03,0.05,919.82,28.53,0.0,1062.12,-2.45
48.21,-0.09,7.34,7.82,0.08,0.1,0.04,0.07,919.53,28.54,0.0,1062.16,-2.33
48.22,-0.12,7.18,7.79,0.07,0.09,0.05,0.1,916.5,28.55,0.0,1062.51,-2.23
48.23,-0.15,7.06,7.77,0.05,0.08,0.06,0.12,911.42,28.55,0.0,1062.98,-2.18
48.24,-0.17,6.98,7.76,0.03,0.07,0.06,0.13,905.11,28.56,0.0,1063.4,-2.2
48.25,-0.17,6.94,7.76,0.01,0.05,0.06,0.15,899.23,28.56,0.0,1063.7,-2.27
48.26,-0.16,6.97,7.77,-0.0,0.04,0.06,0.16,895.99,28.56,0.0,1063.87,-2.35
48.27,-0.13,7.04,7.78,-0.01,0.02,0.07,0.17,896.52,28.56,0.0,1063.99,-2.41
48.28,-0.09,7.15,7.78,-0.0,0.0,0.07,0.18,899.08,28.55,0.0,1064.07,-2.44
48.29,-0.07,7.26,7.79,0.01,-0.01,0.08,0.17,899.3,28.55,0.0,1064.13,-2.43
48.3,-0.07,7.38,7.8,0.03,-0.01,0.1,0.13,894.04,28.55,0.0,1064.17,-2.38
48.31,-0.1,7.47,7.82,0.05,-0.01,0.11,0.08,885.04,28.55,0.0,1064.16,-2.32
48.32,-0.13,7.51,7.84,0.07,0.01,0.11,0.05,877.62,28.55,0.0,1064.03,-2.27
48.33,-0.16,7.49,7.84,0.08,0.03,0.08,0.04,875.93,28.55,0.0,1063.72,-2.24
48.34,-0.17,7.41,7.82,0.09,0.05,0.04,0.05,879.59,28.55,0.0,1063.33,-2.26
48.35,-0.17,7.31,7.78,0.09,0.07,0.0,0.08,884.97,28.54,0.0,1063.09,-2.3
48.36,-0.16,7.22,7.73,0.08,0.08,-0.01,0.11,888.64,28.53,0.0,1063.13,-2.38
48.37,-0.15,7.15,7.68,0.07,0.08,-0.0,0.13,890.11,28.52,0.0,1063.4,-2.47
48.38,-0.15,7.13,7.64,0.05,0.07,0.02,0.15,891.94,28.52,0.0,1063.75,-2.6
48.39,-0.17,7.16,7.62,0.03,0.05,0.02,0.15,896.54,28.52,0.0,1064.03,-2.78
48.4,-0.21,7.25,7.6,0.01,0.03,0.01,0.15,903.39,28.52,0.0,1064.25,-2.95
48.41,-0.24,7.37,7.61,-0.01,0.01,-0.02,0.15,909.96,28.53,0.0,1064.58,-3.03
48.42,-0.24,7.53,7.64,-0.01,-0.01,-0.05,0.15,914.18,28.54,0.0,1065.19,-2.97
48.43,-0.21,7.68,7.68,-0.01,-0.01,-0.09,0.14,915.78,28.55,0.0,1065.97,-2.8
48.44,-0.16,7.79,7.73,0.0,-0.01,-0.12,0.15,916.18,28.56,0.0,1066.7,-2.58
48.45,-0.1,7.83,7.78,0.02,-0.01,-0.14,0.17,916.91,28.56,0.0,1067.18,-2.35
48.46,-0.05,7.79,7.82,0.04,0.0,-0.15,0.19,918.21,28.56,0.0,1067.39,-2.16
48.47,-0.02,7.69,7.86,0.06,0.02,-0.12,0.21,919.16,28.56,0.0,1067.45,-2.07
48.48,-0.03,7.53,7.89,0.07,0.04,-0.07,0.21,918.94,28.55,0.0,1067.48,-2.06
48.49,-0.06,7.36,7.9,0.08,0.05,0.0,0.2,917.15,28.55,0.0,1067.54,-2.15
48.5,-0.11,7.21,7.9,0.09,0.06,0.07,0.18,913.3,28.55,0.0,1067.55,-2.31
48.51,-0.16,7.11,7.88,0.08,0.07,0.11,0.17,907.31,28.55,0.0,1067.49,-2.54
48.52,-0.19,7.07,7.85,0.07,0.07,0.13,0.16,900.72,28.56,0.0,1067.39,-2.79
48.53,-0.2,7.06,7.8,0.05,0.06,0.14,0.16,896.04,28.56,0.0,1067.4,-2.97
48.54,-0.18,7.07,7.76,0.03,0.05,0.15,0.18,894.84,28.56,0.0,1067.64,-3.04
48.55,-0.14,7.08,7.73,0.01,0.03,0.17,0.19,896.63,28.55,0.0,1068.04,-3.0
48.56,-0.1,7.11,7.71,-0.01,0.02,0.16,0.2,899.58,28.55,0.0,1068.48,-2.9
48.57,-0.07,7.15,7.72,-0.01,0.01,0.12,0.19,902.02,28.55,0.0,1068.81,-2.78
48.58,-0.07,7.2,7.74,-0.01,-0.0,0.06,0.17,903.32,28.55,0.0,1069.04,-2.67
48.59,-0.09,7.26,7.77,0.0,-0.01,-0.0,0.15,903.93,28.55,0.0,1069.32,-2.6
48.6,-0.12,7.3,7.79,0.02,0.0,-0.04,0.14,904.49,28.54,0.0,1069.79,-2.58
48.61,-0.15,7.32,7.81,0.04,0.01,-0.04,0.12,904.83,28.54,0.0,1070.4,-2.59
48.62,-0.17,7.33,7.83,0.05,0.03,-0.02,0.12,903.7,28.54,0.0,1071.07,-2.62
48.63,-0.17,7.32,7.83,0.07,0.05,-0.0,0.13,900.24,28.53,0.0,1071.7,-2.63
48.64,-0.15,7.3,7.82,0.08,0.08,0.02,0.14,895.75,28.53,0.0,1072.22,-2.64
48.65,-0.13,7.31,7.8,0.08,0.09,0.03,0.15,893.39,28.53,0.0,1072.55,-2.63
48.66,-0.11,7.33,7.78,0.08,0.1,0.04,0.15,895.36,28.53,0.0,1072.69,-2.61
48.67,-0.1,7.38,7.76,0.07,0.09,0.05,0.14,900.38,28.53,0.0,1072.67,-2.57
48.68,-0.11,7.44,7.75,0.06,0.08,0.07,0.13,904.54,28.53,0.0,1072.51,-2.51
48.69,-0.14,7.53,7.75,0.04,0.06,0.1,0.12,904.78,28.53,0.0,1072.23,-2.42
48.7,-0.17,7.61,7.78,0.01,0.04,0.14,0.11,901.71,28.52,0.0,1071.94,-2.31
48.71,-0.2,7.65,7.81,-0.0,0.02,0.16,0.11,898.99,28.52,0.0,1071.82,-2.19
48.72,-0.21,7.63,7.84,-0.01,0.01,0.16,0.1,899.7,28.51,0.0,1071.97,-2.07
48.73,-0.2,7.57,7.85,-0.01,-0.0,0.14,0.09,903.79,28.51,0.0,1072.35,-1.98
48.74,-0.18,7.48,7.85,0.01,-0.01,0.11,0.09,908.96,28.5,0.0,1072.92,-1.99
48.75,-0.15,7.4,7.83,0.02,-0.0,0.07,0.08,913.0,28.5,0.0,1073.6,-2.15
48.76,-0.12,7.32,7.8,0.04,0.01,0.03,0.07,914.66,28.5,0.0,1074.24,-2.39
48.77,-0.1,7.26,7.76,0.06,0.03,0.01,0.07,913.2,28.5,0.0,1074.65,-2.63
48.78,-0.1,7.22,7.73,0.07,0.05,0.01,0.07,908.79,28.5,0.0,1074.72,-2.8
48.79,-0.12,7.19,7.71,0.08,0.07,0.03,0.08,903.05,28.5,0.0,1074.57,-2.87
48.8,-0.14,7.17,7.71,0.09,0.08,0.06,0.08,898.41,28.5,0.0,1074.44,-2.83
48.81,-0.15,7.18,7.74,0.08,0.09,0.11,0.08,896.39,28.5,0.0,1074.53,-2.71
48.82,-0.16,7.21,7.78,0.07,0.09,0.15,0.08,896.94,28.5,0.0,1074.88,-2.55
48.83,-0.16,7.23,7.8,0.05,0.08,0.17,0.09,898.95,28.49,0.0,1075.43,-2.37
48.84,-0.15,7.25,7.78,0.03,0.06,0.15,0.12,901.22,28.49,0.0,1076.12,-2.19
48.85,-0.14,7.24,7.72,0.01,0.04,0.11,0.15,903.09,28.49,0.0,1076.79,-2.05
48.86,-0.13,7.21,7.67,-0.01,0.02,0.05,0.18,904.56,28.5,0.0,1077.28,-1.97
48.87,-0.12,7.15,7.64,-0.01,0.0,0.01,0.19,905.89,28.51,0.0,1077.53,-1.96
48.88,-0.11,7.09,7.64,-0.0,-0.01,-0.02,0.18,906.22,28.52,0.0,1077.54,-2.02
48.89,-0.1,7.05,7.67,0.01,-0.02,-0.02,0.16,902.97,28.52,0.0,1077.41,-2.14
48.9,-0.1,7.07,7.72,0.03,-0.01,0.01,0.12,894.56,28.52,0.0,1077.21,-2.34
48.91,-0.09,7.15,7.77,0.05,-0.0,0.05,0.09,883.84,28.52,0.0,1076.98,-2.56
48.92,-0.08,7.25,7.8,0.06,0.02,0.07,0.06,877.07,28.52,0.0,1076.59,-2.71
48.93,-0.07,7.34,7.81,0.08,0.04,0.07,0.06,878.59,28.51,0.0,1075.98,-2.74
48.94,-0.06,7.42,7.79,0.09,0.06,0.06,0.07,886.71,28.5,0.0,1075.27,-2.66
48.95,-0.06,7.49,7.76,0.09,0.08,0.03,0.09,895.57,28.49,0.0,1074.74,-2.52
48.96,-0.07,7.56,7.75,0.08,0.09,0.03,0.12,900.21,28.49,0.0,1074.57,-2.37
48.97,-0.1,7.62,7.76,0.07,0.08,0.04,0.16,899.86,28.48,0.0,1074.73,-2.24
48.98,-0.15,7.65,7.76,0.05,0.07,0.08,0.17,897.09,28.48,0.0,1075.07,-2.18
48.99,-0.21,7.65,7.75,0.03,0.06,0.14,0.17,894.79,28.47,0.0,1075.4,-2.21
49.0,-0.27,7.61,7.73,0.01,0.04,0.22,0.14,894.34,28.47,0.0,1075.65,-2.3
49.01,-0.3,7.56,7.72,-0.01,0.02,0.25,0.12,895.92,28.48,0.0,1075.77,-2.48
49.02,-0.29,7.5,7.75,-0.01,0.01,0.22,0.11,898.99,28.48,0.0,1075.79,-2.74
49.03,-0.24,7.44,7.79,-0.01,-0.01,0.13,0.13,902.85,28.49,0.0,1075.75,-3.0
49.04,-0.17,7.41,7.84,-0.0,-0.01,0.04,0.15,907.36,28.49,0.0,1075.72,-3.16
49.05,-0.09,7.43,7.86,0.01,-0.01,-0.04,0.16,912.5,28.5,0.0,1075.74,-3.13
49.06,-0.02,7.46,7.86,0.02,0.01,-0.08,0.17,917.3,28.51,0.0,1075.82,-2.94
49.07,0.01,7.5,7.85,0.04,0.03,-0.1,0.16,920.03,28.51,0.0,1075.9,-2.67
49.08,-0.0,7.51,7.84,0.06,0.04,-0.1,0.16,919.71,28.52,0.0,1075.96,-2.39
49.09,-0.05,7.49,7.84,0.07,0.06,-0.1,0.15,916.68,28.52,0.0,1076.01,-2.18
49.1,-0.12,7.43,7.84,0.08,0.07,-0.09,0.15,911.6,28.52,0.0,1076.1,-2.07
49.11,-0.18,7.33,7.82,0.08,0.07,-0.06,0.14,905.32,28.53,0.0,1076.31,-2.1
49.12,-0.23,7.22,7.8,0.07,0.07,-0.02,0.14,899.47,28.54,0.0,1076.58,-2.23
49.13,-0.23,7.12,7.76,0.05,0.06,0.02,0.15,896.25,28.54,0.0,1076.82,-2.43
49.14,-0.18,7.06,7.72,0.03,0.05,0.06,0.17,896.78,28.54,0.0,1076.97,-2.7
49.15,-0.09,7.04,7.67,0.01,0.04,0.1,0.2,899.33,28.53,0.0,1077.03,-2.95
49.16,-0.02,7.06,7.65,-0.01,0.03,0.12,0.22,899.54,28.52,0.0,1077.07,-3.09
49.17,0.0,7.12,7.64,-0.02,0.02,0.11,0.21,894.27,28.51,0.0,1077.18,-3.09
49.18,-0.03,7.21,7.67,-0.02,0.01,0.07,0.19,885.32,28.51,0.0,1077.36,-2.95
49.19,-0.08,7.31,7.72,-0.01,0.0,0.04,0.15,878.2,28.5,0.0,1077.55,-2.75
49.2,-0.12,7.4,7.79,0.01,0.0,0.01,0.1,877.12,28.5,0.0,1077.72,-2.53
49.21,-0.15,7.49,7.86,0.02,0.01,-0.0,0.06,881.54,28.5,0.0,1077.88,-2.34
49.22,-0.16,7.55,7.9,0.04,0.02,-0.0,0.03,887.47,28.51,0.0,1078.12,-2.22
49.23,-0.14,7.6,7.88,0.06,0.04,-0.0,0.02,891.22,28.52,0.0,1078.5,-2.16
49.24,-0.11,7.62,7.82,0.08,0.05,0.0,0.02,892.26,28.52,0.0,1078.95,-2.17
49.25,-0.09,7.61,7.74,0.09,0.07,0.01,0.04,893.21,28.52,0.0,1079.31,-2.23
49.26,-0.1,7.55,7.69,0.09,0.07,0.03,0.08,896.55,28.53,0.0,1079.46,-2.33
49.27,-0.12,7.46,7.67,0.07,0.07,0.06,0.13,901.65,28.54,0.0,1079.4,-2.45
49.28,-0.16,7.39,7.68,0.06,0.06,0.09,0.16,905.13,28.54,0.0,1079.26,-2.57
49.29,-0.19,7.36,7.72,0.03,0.05,0.13,0.18,904.37,28.55,0.0,1079.13,-2.69
49.3,-0.21,7.37,7.76,0.01,0.04,0.16,0.19,900.36,28.55,0.0,1079.02,-2.78
49.31,-0.21,7.41,7.79,-0.01,0.03,0.16,0.18,897.02,28.55,0.0,1078.83,-2.81
49.32,-0.18,7.46,7.81,-0.01,0.01,0.11,0.17,897.55,28.55,0.0,1078.48,-2.74
49.33,-0.14,7.5,7.81,-0.01,0.0,0.05,0.17,901.81,28.54,0.0,1078.06,-2.62
49.34,-0.09,7.52,7.81,-0.0,0.0,0.01,0.17,907.38,28.54,0.0,1077.84,-2.49
49.35,-0.03,7.52,7.79,0.01,0.0,0.02,0.17,911.91,28.53,0.0,1078.0,-2.41
49.36,0.02,7.49,7.78,0.03,0.01,0.07,0.16,914.01,28.52,0.0,1078.48,-2.38
49.37,0.05,7.45,7.76,0.05,0.03,0.12,0.14,912.9,28.52,0.0,1079.08,-2.4
49.38,0.03,7.4,7.75,0.07,0.04,0.15,0.13,908.69,28.51,0.0,1079.62,-2.44
49.39,-0.01,7.35,7.73,0.09,0.06,0.14,0.12,903.06,28.51,0.0,1080.03,-2.5
49.4,-0.07,7.29,7.73,0.09,0.08,0.11,0.11,898.42,28.51,0.0,1080.32,-2.57
49.41,-0.15,7.22,7.74,0.09,0.09,0.05,0.12,896.37,28.51,0.0,1080.53,-2.67
49.42,-0.21,7.14,7.76,0.08,0.09,-0.01,0.14,896.86,28.51,0.0,1080.71,-2.76
49.43,-0.24,7.09,7.77,0.06,0.08,-0.06,0.16,898.85,28.51,0.0,1080.88,-2.78
49.44,-0.23,7.08,7.76,0.04,0.07,-0.09,0.19,901.17,28.51,0.0,1081.04,-2.7
49.45,-0.17,7.12,7.74,0.01,0.06,-0.09,0.21,903.13,28.51,0.0,1081.22,-2.54
49.46,-0.12,7.19,7.73,-0.0,0.05,-0.08,0.22,904.71,28.51,0.0,1081.45,-2.35
49.47,-0.08,7.27,7.73,-0.01,0.03,-0.06,0.19,906.12,28.51,0.0,1081.75,-2.16
49.48,-0.06,7.36,7.75,-0.01,0.02,-0.04,0.13,906.49,28.51,0.0,1082.08,-2.01
49.49,-0.08,7.44,7.78,-0.0,0.01,-0.03,0.08,903.22,28.52,0.0,1082.37,-1.96
49.5,-0.12,7.52,7.81,0.01,0.0,-0.05,0.05,894.74,28.52,0.0,1082.57,-2.0
49.51,-0.15,7.57,7.83,0.03,0.01,-0.09,0.03,883.9,28.51,0.0,1082.68,-2.13
49.52,-0.16,7.61,7.84,0.05,0.02,-0.12,0.03,877.02,28.5,0.0,1082.73,-2.29
49.53,-0.13,7.61,7.86,0.07,0.03,-0.11,0.04,878.44,28.5,0.0,1082.79,-2.48
49.54,-0.07,7.6,7.86,0.09,0.05,-0.07,0.05,886.49,28.49,0.0,1082.86,-2.65
49.55,-0.02,7.57,7.86,0.09,0.07,-0.02,0.07,895.32,28.49,0.0,1082.93,-2.74
49.56,-0.01,7.52,7.85,0.09,0.08,0.02,0.1,899.96,28.48,0.0,1082.97,-2.75
49.57,-0.05,7.48,7.82,0.08,0.09,0.05,0.14,899.67,28.48,0.0,1082.98,-2.68
49.58,-0.12,7.44,7.8,0.06,0.09,0.07,0.17,897.13,28.48,0.0,1083.0,-2.55
49.59,-0.2,7.41,7.8,0.03,0.08,0.09,0.19,895.3,28.48,0.0,1083.05,-2.39
49.6,-0.28,7.4,7.8,0.01,0.07,0.11,0.19,895.46,28.48,0.0,1083.14,-2.24
49.61,-0.31,7.39,7.8,-0.01,0.05,0.11,0.19,897.57,28.48,0.0,1083.32,-2.16
49.62,-0.29,7.36,7.79,-0.01,0.03,0.1,0.19,900.94,28.49,0.0,1083.62,-2.17
49.63,-0.21,7.33,7.77,-0.01,0.02,0.07,0.19,904.83,28.49,0.0,1083.96,-2.27
49.64,-0.13,7.29,7.75,-0.0,0.01,0.03,0.18,909.04,28.5,0.0,1084.24,-2.4
49.65,-0.05,7.24,7.74,0.01,0.01,-0.03,0.16,913.6,28.51,0.0,1084.38,-2.54
49.66,-0.0,7.2,7.73,0.03,0.03,-0.08,0.13,917.73,28.51,0.0,1084.41,-2.65
49.67,0.0,7.19,7.74,0.05,0.04,-0.12,0.1,920.08,28.51,0.0,1084.43,-2.69
49.68,-0.04,7.21,7.75,0.06,0.06,-0.15,0.1,919.86,28.51,0.0,1084.52,-2.65
49.69,-0.11,7.25,7.75,0.08,0.08,-0.16,0.12,917.48,28.5,0.0,1084.7,-2.55
49.7,-0.18,7.29,7.76,0.09,0.09,-0.14,0.14,913.78,28.5,0.0,1084.92,-2.44
49.71,-0.23,7.3,7.76,0.08,0.09,-0.08,0.16,909.62,28.51,0.0,1085.13,-2.34
49.72,-0.24,7.29,7.75,0.07,0.09,-0.01,0.16,906.05,28.51,0.0,1085.32,-2.28
49.73,-0.21,7.24,7.73,0.05,0.09,0.05,0.16,904.19,28.52,0.0,1085.5,-2.25
49.74,-0.14,7.19,7.67,0.03,0.08,0.08,0.17,904.53,28.53,0.0,1085.68,-2.25
49.75,-0.05,7.13,7.62,0.01,0.07,0.07,0.2,905.63,28.53,0.0,1085.85,-2.27
49.76,0.02,7.11,7.59,-0.01,0.06,0.04,0.21,904.05,28.53,0.0,1085.98,-2.33
49.77,0.02,7.13,7.63,-0.02,0.04,0.01,0.2,897.44,28.52,0.0,1086.05,-2.44
49.78,-0.03,7.2,7.71,-0.02,0.03,-0.02,0.17,887.75,28.52,0.0,1086.07,-2.58
49.79,-0.1,7.28,7.8,-0.01,0.03,-0.03,0.13,879.99,28.51,0.0,1086.08,-2.68
49.8,-0.19,7.37,7.85,0.0,0.03,-0.04,0.1,877.84,28.51,0.0,1086.13,-2.73
49.81,-0.26,7.46,7.86,0.02,0.03,-0.04,0.08,880.9,28.52,0.0,1086.23,-2.71
49.82,-0.28,7.53,7.85,0.04,0.04,-0.04,0.07,885.8,28.52,0.0,1086.37,-2.63
49.83,-0.23,7.61,7.82,0.06,0.05,-0.03,0.06,889.33,28.53,0.0,1086.57,-2.52
49.84,-0.16,7.67,7.79,0.08,0.07,-0.03,0.06,890.92,28.52,0.0,1086.78,-2.4
49.85,-0.1,7.69,7.76,0.09,0.08,-0.02,0.06,892.71,28.52,0.0,1086.98,-2.29
49.86,-0.09,7.65,7.73,0.09,0.09,-0.01,0.07,896.79,28.51,0.0,1087.15,-2.19
49.87,-0.14,7.58,7.71,0.08,0.09,0.0,0.09,902.75,28.51,0.0,1087.25,-2.12
49.88,-0.21,7.48,7.7,0.06,0.08,0.02,0.11,908.52,28.51,0.0,1087.22,-2.13
49.89,-0.27,7.38,7.71,0.04,0.07,0.03,0.13,912.33,28.51,0.0,1087.03,-2.23
49.9,-0.31,7.31,7.72,0.01,0.05,0.03,0.15,914.11,28.5,0.0,1086.77,-2.4
49.91,-0.29,7.27,7.73,-0.01,0.03,0.04,0.15,915.37,28.5,0.0,1086.55,-2.57
49.92,-0.23,7.28,7.74,-0.02,0.01,0.06,0.15,917.6,28.5,0.0,1086.5,-2.69
49.93,-0.13,7.32,7.75,-0.02,-0.01,0.07,0.13,920.59,28.5,0.0,1086.61,-2.74
49.94,-0.05,7.38,7.75,-0.01,-0.02,0.08,0.11,922.7,28.5,0.0,1086.87,-2.69
49.95,-0.01,7.42,7.74,0.01,-0.02,0.07,0.08,922.64,28.49,0.0,1087.23,-2.54
49.96,-0.01,7.45,7.74,0.02,-0.02,0.06,0.05,920.16,28.49,0.0,1087.59,-2.35
49.97,-0.05,7.46,7.73,0.04,0.0,0.04,0.04,915.22,28.48,0.0,1087.85,-2.17
49.98,-0.11,7.45,7.73,0.06,0.02,0.01,0.05,908.23,28.48,0.0,1087.94,-2.06
49.99,-0.17,7.42,7.74,0.08,0.04,-0.01,0.07,901.06,28.47,0.0,1087.86,-2.02
50.0,-0.2,7.35,7.73,0.08,0.05,-0.02,0.11,896.59,28.47,0.0,1087.65,-2.05
50.01,-0.2,7.25,7.72,0.08,0.07,0.0,0.14,896.5,28.47,0.0,1087.33,-2.13
50.02,-0.16,7.12,7.71,0.08,0.07,0.04,0.17,899.1,28.46,0.0,1086.98,-2.25
50.03,-0.13,7.02,7.7,0.06,0.07,0.08,0.18,899.69,28.46,0.0,1086.71,-2.39
50.04,-0.12,6.96,7.71,0.04,0.07,0.12,0.17,894.79,28.45,0.0,1086.58,-2.56
50.05,-0.13,6.96,7.73,0.02,0.06,0.13,0.15,885.92,28.45,0.0,1086.57,-2.73
50.06,-0.16,7.01,7.74,-0.0,0.04,0.12,0.13,878.37,28.46,0.0,1086.66,-2.84
50.07,-0.2,7.1,7.73,-0.01,0.03,0.07,0.11,876.28,28.46,0.0,1086.81,-2.86
50.08,-0.23,7.2,7.71,-0.02,0.01,0.01,0.11,879.5,28.47,0.0,1087.0,-2.79
50.09,-0.25,7.33,7.69,-0.01,0.0,-0.05,0.11,884.74,28.47,0.0,1087.34,-2.69
50.1,-0.22,7.47,7.68,0.0,-0.0,-0.09,0.12,888.78,28.47,0.0,1087.88,-2.59
50.11,-0.17,7.59,7.69,0.02,-0.0,-0.12,0.12,890.91,28.47,0.0,1088.52,-2.5
50.12,-0.09,7.67,7.7,0.04,0.01,-0.1,0.12,893.11,28.46,0.0,1089.11,-2.43
50.13,-0.0,7.68,7.72,0.06,0.02,-0.05,0.11,897.37,28.46,0.0,1089.51,-2.37
50.14,0.07,7.62,7.73,0.08,0.04,0.03,0.11,902.84,28.46,0.0,1089.7,-2.32
50.15,0.09,7.53,7.75,0.09,0.05,0.1,0.11,906.23,28.46,0.0,1089.68,-2.31
50.16,0.05,7.42,7.77,0.09,0.07,0.14,0.11,905.09,28.46,0.0,1089.51,-2.37
50.17,-0.05,7.31,7.78,0.08,0.08,0.15,0.12,900.65,28.46,0.0,1089.28,-2.47
50.18,-0.16,7.24,7.79,0.06,0.08,0.14,0.14,897.04,28.45,0.0,1089.17,-2.56
50.19,-0.26,7.23,7.78,0.04,0.08,0.11,0.17,897.57,28.44,0.0,1089.24,-2.61
50.2,-0.33,7.26,7.76,0.01,0.07,0.08,0.2,902.03,28.43,0.0,1089.46,-2.61
50.21,-0.34,7.33,7.75,-0.01,0.05,0.06,0.22,907.83,28.43,0.0,1089.63,-2.57
50.22,-0.29,7.41,7.75,-0.02,0.04,0.05,0.22,912.48,28.44,0.0,1089.62,-2.52
50.23,-0.21,7.48,7.75,-0.02,0.02,0.06,0.19,914.56,28.44,0.0,1089.43,-2.47
50.24,-0.12,7.52,7.76,-0.01,0.0,0.07,0.16,913.32,28.45,0.0,1089.1,-2.45
50.25,-0.04,7.52,7.76,0.0,-0.01,0.08,0.12,908.97,28.45,0.0,1088.71,-2.46
50.26,0.01,7.47,7.76,0.02,-0.01,0.09,0.1,903.2,28.46,0.0,1088.37,-2.49
50.27,0.02,7.41,7.76,0.04,0.0,0.09,0.08,898.48,28.46,0.0,1088.26,-2.55
50.28,-0.01,7.34,7.76,0.06,0.02,0.1,0.07,896.37,28.46,0.0,1088.44,-2.63
50.29,-0.06,7.28,7.78,0.08,0.04,0.11,0.07,896.85,28.46,0.0,1088.86,-2.72
50.3,-0.11,7.24,7.8,0.09,0.06,0.13,0.08,898.84,28.46,0.0,1089.39,-2.82
50.31,-0.16,7.21,7.84,0.09,0.08,0.14,0.11,901.16,28.46,0.0,1089.93,-2.93
50.32,-0.18,7.2,7.87,0.08,0.09,0.16,0.15,903.12,28.46,0.0,1090.38,-3.02
50.33,-0.18,7.19,7.89,0.07,0.09,0.17,0.19,904.69,28.47,0.0,1090.64,-3.04
50.34,-0.17,7.18,7.87,0.04,0.08,0.18,0.22,906.07,28.48,0.0,1090.69,-2.95
50.35,-0.15,7.19,7.83,0.02,0.06,0.18,0.23,906.41,28.48,0.0,1090.61,-2.79
50.36,-0.13,7.23,7.78,-0.0,0.04,0.19,0.23,903.11,28.48,0.0,1090.59,-2.6
50.37,-0.13,7.31,7.73,-0.02,0.02,0.21,0.2,894.61,28.48,0.0,1090.73,-2.44
50.38,-0.13,7.41,7.7,-0.02,-0.01,0.24,0.17,883.76,28.47,0.0,1091.03,-2.33
50.39,-0.12,7.49,7.68,-0.02,-0.02,0.24,0.12,876.88,28.47,0.0,1091.34,-2.26
50.4,-0.11,7.52,7.68,-0.01,-0.03,0.19,0.08,878.32,28.47,0.0,1091.54,-2.23
50.41,-0.1,7.5,7.68,0.01,-0.02,0.1,0.05,886.4,28.49,0.0,1091.62,-2.22
50.42,-0.08,7.45,7.7,0.03,-0.01,0.0,0.04,895.25,28.5,0.0,1091.61,-2.27
50.43,-0.07,7.39,7.74,0.05,0.02,-0.08,0.05,899.91,28.51,0.0,1091.57,-2.39
50.44,-0.08,7.34,7.78,0.07,0.04,-0.13,0.09,899.59,28.51,0.0,1091.55,-2.55
50.45,-0.1,7.32,7.8,0.08,0.06,-0.14,0.12,896.86,28.5,0.0,1091.58,-2.69
50.46,-0.15,7.35,7.79,0.08,0.08,-0.1,0.16,894.62,28.5,0.0,1091.68,-2.75
50.47,-0.21,7.4,7.75,0.07,0.09,-0.02,0.19,894.32,28.5,0.0,1091.82,-2.74
50.48,-0.25,7.46,7.72,0.06,0.09,0.07,0.2,896.36,28.51,0.0,1091.89,-2.67
50.49,-0.27,7.52,7.72,0.04,0.08,0.16,0.2,900.33,28.51,0.0,1091.83,-2.58
50.5,-0.25,7.55,7.75,0.02,0.06,0.23,0.2,905.27,28.52,0.0,1091.69,-2.49
50.51,-0.21,7.55,7.78,0.0,0.05,0.25,0.19,910.49,28.52,0.0,1091.62,-2.4
50.52,-0.15,7.51,7.8,-0.01,0.03,0.2,0.18,915.58,28.52,0.0,1091.71,-2.31
50.53,-0.09,7.44,7.81,-0.01,0.01,0.11,0.17,919.66,28.52,0.0,1092.01,-2.23
50.54,-0.04,7.37,7.81,-0.0,-0.0,0.03,0.16,921.4,28.51,0.0,1092.62,-2.2
50.55,-0.03,7.3,7.82,0.01,-0.01,-0.01,0.14,920.14,28.5,0.0,1093.58,-2.24
50.56,-0.04,7.24,7.83,0.02,-0.01,0.01,0.12,916.45,28.5,0.0,1094.67,-2.32
50.57,-0.08,7.21,7.83,0.04,-0.01,0.07,0.11,911.05,28.49,0.0,1095.56,-2.4
50.58,-0.12,7.19,7.84,0.06,0.0,0.15,0.1,904.74,28.48,0.0,1096.03,-2.45
50.59,-0.16,7.19,7.83,0.08,0.02,0.23,0.09,899.05,28.48,0.0,1096.09,-2.44
50.6,-0.18,7.2,7.83,0.09,0.03,0.27,0.1,896.02,28.48,0.0,1095.86,-2.37
50.61,-0.16,7.21,7.84,0.09,0.05,0.25,0.1,896.71,28.48,0.0,1095.49,-2.24
50.62,-0.12,7.21,7.85,0.08,0.06,0.19,0.11,899.41,28.48,0.0,1095.17,-2.08
50.63,-0.08,7.23,7.86,0.07,0.06,0.14,0.13,899.96,28.49,0.0,1095.1,-1.96
50.64,-0.07,7.25,7.84,0.05,0.06,0.11,0.15,895.36,28.49,0.0,1095.39,-1.92
50.65,-0.09,7.27,7.8,0.02,0.05,0.12,0.18,887.17,28.49,0.0,1095.91,-1.94
50.66,-0.12,7.28,7.75,0.01,0.03,0.13,0.21,880.25,28.49,0.0,1096.39,-2.04
50.67,-0.15,7.27,7.71,-0.0,0.01,0.13,0.23,878.38,28.5,0.0,1096.66,-2.2
50.68,-0.18,7.24,7.67,-0.01,-0.0,0.1,0.24,881.35,28.5,0.0,1096.69,-2.37
50.69,-0.18,7.23,7.65,-0.0,-0.01,0.07,0.22,885.99,28.5,0.0,1096.66,-2.54
50.7,-0.16,7.25,7.67,0.0,-0.01,0.03,0.18,889.25,28.5,0.0,1096.71,-2.69
50.71,-0.12,7.3,7.7,0.02,-0.0,-0.0,0.12,890.64,28.49,0.0,1096.93,-2.8
50.72,-0.09,7.35,7.74,0.03,0.01,-0.02,0.07,892.34,28.48,0.0,1097.35,-2.81
50.73,-0.09,7.41,7.77,0.05,0.03,-0.02,0.04,896.43,28.47,0.0,1097.99,-2.71
50.74,-0.11,7.47,7.79,0.07,0.04,0.01,0.02,902.46,28.47,0.0,1098.69,-2.53
50.75,-0.14,7.52,7.79,0.09,0.04,0.05,0.03,908.31,28.47,0.0,1099.28,-2.34
50.76,-0.18,7.56,7.77,0.09,0.05,0.12,0.05,912.21,28.47,0.0,1099.63,-2.19
50.77,-0.22,7.61,7.74,0.09,0.05,0.19,0.08,913.97,28.47,0.0,1099.73,-2.1
50.78,-0.24,7.62,7.71,0.07,0.06,0.23,0.11,914.91,28.47,0.0,1099.62,-2.09
50.79,-0.23,7.6,7.67,0.05,0.06,0.22,0.13,916.38,28.47,0.0,1099.4,-2.13
50.8,-0.21,7.54,7.64,0.03,0.05,0.16,0.14,918.41,28.48,0.0,1099.17,-2.22
50.81,-0.17,7.44,7.63,0.01,0.04,0.1,0.15,919.82,28.48,0.0,1099.08,-2.35
50.82,-0.11,7.32,7.65,0.0,0.02,0.04,0.17,919.63,28.48,0.0,1099.21,-2.54
50.83,-0.07,7.21,7.68,-0.0,-0.0,-0.0,0.19,917.57,28.48,0.0,1099.47,-2.73
50.84,-0.04,7.15,7.74,-0.0,-0.02,-0.02,0.19,913.37,28.47,0.0,1099.59,-2.86
50.85,-0.05,7.18,7.79,0.01,-0.03,-0.02,0.17,907.18,28.47,0.0,1099.4,-2.91
50.86,-0.09,7.27,7.84,0.02,-0.03,-0.01,0.13,900.58,28.46,0.0,1098.99,-2.87
50.87,-0.12,7.36,7.87,0.03,-0.02,0.01,0.09,895.99,28.46,0.0,1098.63,-2.77
50.88,-0.14,7.39,7.87,0.05,-0.0,0.06,0.05,894.89,28.47,0.0,1098.54,-2.66
50.89,-0.13,7.36,7.84,0.07,0.01,0.12,0.03,896.73,28.47,0.0,1098.74,-2.57
50.9,-0.12,7.29,7.8,0.08,0.03,0.16,0.04,899.71,28.47,0.0,1099.09,-2.53
50.91,-0.11,7.22,7.77,0.08,0.04,0.17,0.06,902.18,28.48,0.0,1099.44,-2.56
50.92,-0.11,7.16,7.76,0.08,0.05,0.15,0.09,903.52,28.48,0.0,1099.72,-2.63
50.93,-0.12,7.13,7.75,0.07,0.06,0.12,0.13,904.15,28.48,0.0,1099.95,-2.73
50.94,-0.15,7.11,7.74,0.05,0.06,0.08,0.16,904.69,28.49,0.0,1100.18,-2.81
50.95,-0.19,7.12,7.73,0.02,0.06,0.05,0.18,905.01,28.49,0.0,1100.4,-2.86
50.96,-0.21,7.14,7.74,0.0,0.05,0.05,0.19,903.89,28.49,0.0,1100.53,-2.86
50.97,-0.21,7.19,7.76,-0.01,0.04,0.08,0.18,900.53,28.49,0.0,1100.53,-2.81
50.98,-0.18,7.25,7.79,-0.02,0.02,0.12,0.16,896.18,28.49,0.0,1100.38,-2.71
50.99,-0.15,7.34,7.81,-0.02,0.01,0.14,0.13,893.92,28.49,0.0,1100.06,-2.59
51.0,-0.11,7.44,7.81,-0.01,0.0,0.13,0.1,895.88,28.49,0.0,1099.58,-2.46
51.01,-0.07,7.56,7.8,0.01,0.0,0.08,0.07,900.79,28.49,0.0,1099.02,-2.34
51.02,-0.06,7.66,7.79,0.03,0.02,0.05,0.05,904.78,28.49,0.0,1098.52,-2.28
51.03,-0.08,7.75,7.79,0.05,0.03,0.05,0.07,904.84,28.49,0.0,1098.15,-2.3
51.04,-0.11,7.8,7.8,0.07,0.04,0.09,0.1,901.63,28.49,0.0,1097.95,-2.37
51.05,-0.16,7.79,7.82,0.09,0.06,0.14,0.13,898.87,28.49,0.0,1097.93,-2.46
51.06,-0.21,7.72,7.82,0.09,0.07,0.19,0.13,899.65,28.5,0.0,1098.08,-2.56
51.07,-0.25,7.6,7.8,0.09,0.08,0.21,0.13,903.87,28.5,0.0,1098.32,-2.63
51.08,-0.26,7.46,7.78,0.07,0.08,0.2,0.12,909.15,28.49,0.0,1098.55,-2.69
51.09,-0.23,7.33,7.75,0.05,0.08,0.16,0.13,913.23,28.48,0.0,1098.72,-2.75
51.1,-0.18,7.23,7.71,0.03,0.07,0.12,0.16,914.85,28.46,0.0,1098.83,-2.77
51.11,-0.14,7.17,7.7,0.01,0.06,0.08,0.19,913.33,28.45,0.0,1099.0,-2.72
51.12,-0.1,7.13,7.71,-0.01,0.04,0.06,0.2,908.88,28.44,0.0,1099.31,-2.57
51.13,-0.09,7.11,7.74,-0.01,0.01,0.06,0.2,903.16,28.43,0.0,1099.76,-2.34
51.14,-0.09,7.14,7.77,-0.01,-0.0,0.07,0.17,898.54,28.43,0.0,1100.35,-2.1
51.15,-0.09,7.21,7.81,-0.0,-0.01,0.05,0.11,896.54,28.44,0.0,1101.06,-1.88
51.16,-0.1,7.29,7.84,0.01,-0.01,0.02,0.03,897.04,28.44,0.0,1101.77,-1.75
51.17,-0.1,7.36,7.84,0.03,0.0,-0.02,-0.02,898.82,28.44,0.0,1102.32,-1.74
51.18,-0.1,7.39,7.82,0.05,0.02,-0.03,-0.03,900.62,28.45,0.0,1102.62,-1.89
51.19,-0.1,7.38,7.79,0.07,0.04,-0.03,0.01,901.96,28.45,0.0,1102.65,-2.14
51.2,-0.1,7.32,7.76,0.08,0.05,-0.01,0.07,903.3,28.45,0.0,1102.45,-2.38
51.21,-0.1,7.23,7.74,0.08,0.07,0.02,0.13,905.18,28.45,0.0,1102.06,-2.55
51.22,-0.11,7.14,7.74,0.07,0.08,0.05,0.18,906.54,28.45,0.0,1101.6,-2.62
51.23,-0.13,7.08,7.75,0.06,0.09,0.08,0.19,904.26,28.45,0.0,1101.15,-2.6
51.24,-0.16,7.09,7.77,0.04,0.09,0.09,0.19,896.36,28.45,0.0,1100.77,-2.53
51.25,-0.19,7.16,7.78,0.03,0.08,0.1,0.16,885.55,28.44,0.0,1100.53,-2.42
51.26,-0.2,7.26,7.77,0.01,0.06,0.08,0.14,878.16,28.44,0.0,1100.53,-2.3
51.27,-0.18,7.35,7.75,0.0,0.04,0.06,0.14,878.65,28.44,0.0,1100.83,-2.17
51.28,-0.15,7.44,7.71,-0.0,0.02,0.02,0.14,885.73,28.44,0.0,1101.36,-2.05
51.29,-0.12,7.53,7.69,-0.0,0.0,-0.03,0.15,894.06,28.44,0.0,1102.1,-2.0
51.3,-0.09,7.61,7.69,0.0,-0.0,-0.08,0.14,898.98,28.45,0.0,1103.01,-2.04
51.31,-0.08,7.69,7.72,0.01,0.0,-0.13,0.12,899.52,28.45,0.0,1103.91,-2.15
51.32,-0.09,7.74,7.75,0.02,0.01,-0.17,0.1,897.71,28.45,0.0,1104.66,-2.31
51.33,-0.13,7.74,7.77,0.04,0.02,-0.19,0.08,896.02,28.45,0.0,1105.15,-2.5
51.34,-0.19,7.69,7.77,0.06,0.04,-0.19,0.08,895.72,28.44,0.0,1105.38,-2.66
51.35,-0.24,7.61,7.77,0.08,0.05,-0.17,0.08,897.08,28.43,0.0,1105.35,-2.73
51.36,-0.26,7.53,7.77,0.09,0.06,-0.13,0.1,899.78,28.43,0.0,1105.12,-2.66
51.37,-0.25,7.46,7.78,0.09,0.07,-0.08,0.12,903.25,28.43,0.0,1104.81,-2.5
51.38,-0.22,7.41,7.79,0.07,0.07,-0.04,0.14,907.47,28.44,0.0,1104.62,-2.31
51.39,-0.16,7.39,7.78,0.06,0.07,0.0,0.15,912.44,28.44,0.0,1104.64,-2.16
51.4,-0.11,7.38,7.75,0.04,0.06,0.03,0.16,917.16,28.45,0.0,1104.84,-2.06
51.41,-0.07,7.38,7.71,0.02,0.05,0.04,0.16,919.89,28.45,0.0,1105.04,-2.06
51.42,-0.07,7.37,7.67,0.0,0.03,0.05,0.16,919.58,28.44,0.0,1105.12,-2.14
51.43,-0.08,7.35,7.64,-0.01,0.01,0.05,0.15,916.56,28.43,0.0,1105.04,-2.3
51.44,-0.11,7.3,7.64,-0.01,-0.01,0.05,0.13,911.53,28.43,0.0,1104.8,-2.51
51.45,-0.13,7.25,7.67,-0.01,-0.02,0.08,0.1,905.31,28.42,0.0,1104.47,-2.79
51.46,-0.15,7.19,7.72,-0.0,-0.02,0.1,0.08,899.55,28.42,0.0,1104.15,-3.05
51.47,-0.14,7.15,7.77,0.01,-0.01,0.11,0.06,896.4,28.42,0.0,1104.0,-3.2
51.48,-0.11,7.13,7.81,0.04,-0.0,0.07,0.07,896.96,28.43,0.0,1104.13,-3.14
51.49,-0.07,7.14,7.84,0.06,0.01,0.01,0.1,899.5,28.43,0.0,1104.5,-2.94
51.5,-0.05,7.18,7.86,0.08,0.03,-0.04,0.12,899.66,28.43,0.0,1105.03,-2.68
51.51,-0.06,7.21,7.88,0.09,0.04,-0.03,0.13,894.32,28.43,0.0,1105.66,-2.44
51.52,-0.1,7.25,7.9,0.08,0.06,0.03,0.13,885.23,28.43,0.0,1106.28,-2.29
51.53,-0.15,7.29,7.9,0.07,0.06,0.1,0.11,877.75,28.43,0.0,1106.77,-2.25
51.54,-0.19,7.31,7.86,0.05,0.06,0.15,0.11,875.99,28.43,0.0,1107.12,-2.33
51.55,-0.2,7.34,7.79,0.03,0.05,0.16,0.1,879.59,28.43,0.0,1107.32,-2.47
51.56,-0.19,7.37,7.73,0.01,0.04,0.13,0.11,884.94,28.43,0.0,1107.41,-2.63
51.57,-0.16,7.41,7.7,-0.0,0.02,0.07,0.11,888.58,28.43,0.0,1107.44,-2.77
51.58,-0.12,7.46,7.7,-0.01,0.0,-0.01,0.13,889.96,28.44,0.0,1107.43,-2.87
51.59,-0.09,7.51,7.73,-0.01,-0.0,-0.07,0.14,891.5,28.44,0.0,1107.35,-2.88
51.6,-0.08,7.54,7.77,0.0,-0.01,-0.1,0.16,895.49,28.45,0.0,1107.18,-2.81
51.61,-0.1,7.55,7.81,0.01,-0.01,-0.09,0.17,901.11,28.45,0.0,1106.96,-2.69
51.62,-0.13,7.56,7.84,0.03,0.0,-0.04,0.18,904.93,28.44,0.0,1106.81,-2.56
51.63,-0.16,7.56,7.86,0.05,0.01,0.06,0.17,904.31,28.44,0.0,1106.77,-2.46
51.64,-0.19,7.56,7.87,0.07,0.02,0.17,0.14,900.29,28.43,0.0,1106.86,-2.4
51.65,-0.21,7.55,7.87,0.08,0.03,0.23,0.11,896.9,28.42,0.0,1107.02,-2.37
51.66,-0.2,7.53,7.85,0.08,0.05,0.23,0.1,897.42,28.42,0.0,1107.21,-2.33
51.67,-0.17,7.5,7.83,0.08,0.06,0.17,0.1,901.72,28.42,0.0,1107.37,-2.3
51.68,-0.14,7.45,7.81,0.07,0.07,0.09,0.11,907.35,28.43,0.0,1107.44,-2.32
51.69,-0.11,7.38,7.8,0.05,0.07,0.06,0.13,911.94,28.43,0.0,1107.4,-2.41
51.7,-0.09,7.31,7.8,0.03,0.06,0.05,0.16,914.08,28.44,0.0,1107.31,-2.55
51.71,-0.08,7.25,7.78,0.01,0.04,0.06,0.18,913.0,28.45,0.0,1107.32,-2.66
51.72,-0.09,7.19,7.74,-0.01,0.02,0.04,0.19,908.83,28.45,0.0,1107.51,-2.72
51.73,-0.11,7.16,7.7,-0.01,0.0,0.0,0.19,903.24,28.46,0.0,1107.9,-2.69
51.74,-0.12,7.16,7.67,-0.02,-0.01,-0.03,0.18,898.62,28.47,0.0,1108.53,-2.56
51.75,-0.12,7.18,7.68,-0.01,-0.02,-0.05,0.16,896.55,28.47,0.0,1109.38,-2.35
51.76,-0.1,7.21,7.72,0.0,-0.01,-0.04,0.14,897.01,28.47,0.0,1110.26,-2.11
51.77,-0.08,7.27,7.77,0.02,-0.0,-0.01,0.11,898.97,28.47,0.0,1110.92,-1.92
51.78,-0.07,7.33,7.8,0.04,0.01,0.03,0.1,901.28,28.47,0.0,1111.16,-1.84
51.79,-0.08,7.4,7.81,0.07,0.03,0.06,0.09,903.24,28.47,0.0,1111.06,-1.87
51.8,-0.1,7.44,7.79,0.08,0.04,0.09,0.08,904.82,28.47,0.0,1110.8,-1.97
51.81,-0.14,7.45,7.77,0.09,0.05,0.11,0.07,906.19,28.47,0.0,1110.56,-2.09
51.82,-0.18,7.43,7.74,0.09,0.06,0.13,0.06,906.51,28.47,0.0,1110.43,-2.24
51.83,-0.21,7.4,7.71,0.08,0.06,0.14,0.06,903.17,28.47,0.0,1110.39,-2.41
51.84,-0.21,7.39,7.7,0.06,0.06,0.15,0.08,894.63,28.47,0.0,1110.37,-2.64
51.85,-0.19,7.39,7.69,0.04,0.05,0.15,0.12,883.76,28.46,0.0,1110.38,-2.88
51.86,-0.16,7.4,7.68,0.02,0.03,0.15,0.16,876.96,28.45,0.0,1110.44,-3.0
51.87,-0.13,7.42,7.65,0.0,0.02,0.14,0.19,878.58,28.45,0.0,1110.6,-2.93
51.88,-0.11,7.45,7.62,-0.01,-0.0,0.12,0.21,886.92,28.45,0.0,1110.81,-2.71
51.89,-0.1,7.48,7.6,-0.01,-0.01,0.12,0.2,895.94,28.45,0.0,1111.01,-2.45
51.9,-0.12,7.52,7.61,-0.01,-0.01,0.13,0.17,900.58,28.46,0.0,1111.14,-2.24
51.91,-0.15,7.57,7.64,0.0,-0.01,0.17,0.13,900.1,28.46,0.0,1111.21,-2.13
51.92,-0.18,7.6,7.67,0.02,0.01,0.22,0.1,897.15,28.46,0.0,1111.32,-2.1
51.93,-0.21,7.62,7.69,0.05,0.02,0.28,0.07,894.71,28.46,0.0,1111.55,-2.13
51.94,-0.21,7.61,7.69,0.07,0.03,0.34,0.06,894.3,28.46,0.0,1111.84,-2.2
51.95,-0.2,7.58,7.69,0.09,0.05,0.36,0.06,896.29,28.46,0.0,1112.08,-2.32
51.96,-0.18,7.51,7.71,0.09,0.05,0.32,0.08,900.26,28.45,0.0,1112.15,-2.5
51.97,-0.15,7.43,7.73,0.09,0.06,0.24,0.11,905.22,28.45,0.0,1112.05,-2.69
51.98,-0.12,7.33,7.75,0.08,0.06,0.15,0.14,910.48,28.45,0.0,1111.78,-2.82
51.99,-0.1,7.23,7.75,0.06,0.05,0.06,0.16,915.63,28.46,0.0,1111.37,-2.84
52.0,-0.09,7.13,7.75,0.04,0.04,0.0,0.17,919.79,28.47,0.0,1110.96,-2.75
52.01,-0.1,7.07,7.75,0.02,0.03,-0.03,0.17,921.57,28.48,0.0,1110.75,-2.61
52.02,-0.11,7.07,7.76,0.01,0.02,-0.05,0.17,920.32,28.49,0.0,1110.87,-2.48
52.03,-0.12,7.1,7.79,0.0,0.01,-0.06,0.17,916.78,28.5,0.0,1111.2,-2.37
52.04,-0.13,7.17,7.81,0.0,0.01,-0.06,0.15,912.27,28.5,0.0,1111.45,-2.32
52.05,-0.13,7.27,7.81,0.01,0.0,-0.06,0.13,907.89,28.51,0.0,1111.38,-2.3
52.06,-0.12,7.36,7.81,0.02,0.01,-0.04,0.1,904.63,28.51,0.0,1111.04,-2.32
52.07,-0.11,7.42,7.8,0.03,0.01,-0.03,0.07,903.35,28.51,0.0,1110.68,-2.38
52.08,-0.09,7.42,7.8,0.06,0.02,-0.0,0.07,904.24,28.51,0.0,1110.49,-2.47
52.09,-0.09,7.39,7.81,0.08,0.02,0.02,0.09,905.74,28.51,0.0,1110.57,-2.58
52.1,-0.09,7.34,7.83,0.1,0.03,0.05,0.11,904.32,28.5,0.0,1110.92,-2.69
52.11,-0.11,7.3,7.83,0.1,0.04,0.06,0.13,897.67,28.5,0.0,1111.5,-2.76
52.12,-0.14,7.29,7.82,0.1,0.05,0.07,0.14,887.84,28.5,0.0,1112.19,-2.79
52.13,-0.16,7.3,7.8,0.09,0.05,0.07,0.15,879.91,28.5,0.0,1112.83,-2.75
52.14,-0.16,7.31,7.74,0.07,0.05,0.06,0.16,877.66,28.5,0.0,1113.36,-2.62
52.15,-0.15,7.33,7.68,0.05,0.04,0.06,0.17,880.7,28.5,0.0,1113.69,-2.45
52.16,-0.13,7.35,7.63,0.02,0.03,0.05,0.17,885.6,28.51,0.0,1113.74,-2.29
52.17,-0.11,7.41,7.62,0.01,0.01,0.04,0.16,889.12,28.52,0.0,1113.48,-2.2
52.18,-0.1,7.47,7.65,-0.01,-0.01,0.03,0.13,890.67,28.52,0.0,1113.04,-2.19
52.19,-0.11,7.53,7.69,-0.01,-0.02,0.02,0.1,892.43,28.52,0.0,1112.61,-2.26
52.2,-0.14,7.57,7.73,-0.0,-0.03,0.01,0.07,896.51,28.52,0.0,1112.33,-2.4
52.21,-0.19,7.59,7.77,0.01,-0.03,0.0,0.05,902.52,28.52,0.0,1112.23,-2.56
52.22,-0.22,7.58,7.8,0.03,-0.02,-0.01,0.04,908.35,28.51,0.0,1112.23,-2.68
52.23,-0.23,7.56,7.84,0.05,-0.0,-0.04,0.04,912.25,28.51,0.0,1112.24,-2.74
52.24,-0.22,7.54,7.88,0.07,0.02,-0.07,0.05,914.02,28.51,0.0,1112.25,-2.73
52.25,-0.18,7.51,7.9,0.09,0.04,-0.07,0.07,914.96,28.51,0.0,1112.26,-2.68
52.26,-0.13,7.48,7.9,0.09,0.06,-0.04,0.09,916.42,28.51,0.0,1112.31,-2.59
52.27,-0.08,7.46,7.87,0.09,0.08,0.01,0.1,918.41,28.51,0.0,1112.44,-2.51
52.28,-0.05,7.42,7.81,0.08,0.09,0.07,0.11,919.77,28.5,0.0,1112.72,-2.43
52.29,-0.05,7.38,7.75,0.06,0.09,0.13,0.11,919.51,28.49,0.0,1113.18,-2.37
52.3,-0.08,7.33,7.69,0.04,0.07,0.17,0.12,917.43,28.48,0.0,1113.71,-2.34
52.31,-0.13,7.3,7.64,0.03,0.05,0.17,0.13,913.43,28.48,0.0,1114.09,-2.34
52.32,-0.17,7.29,7.63,0.01,0.02,0.12,0.13,907.75,28.48,0.0,1114.19,-2.37
52.33,-0.19,7.3,7.65,-0.0,-0.0,0.04,0.13,901.92,28.5,0.0,1114.08,-2.43
52.34,-0.19,7.31,7.7,-0.01,-0.03,-0.03,0.12,898.34,28.51,0.0,1114.0,-2.53
52.35,-0.15,7.31,7.75,-0.0,-0.04,-0.07,0.11,898.42,28.52,0.0,1114.15,-2.66
52.36,-0.09,7.3,7.81,0.01,-0.04,-0.07,0.1,900.59,28.52,0.0,1114.52,-2.79
52.37,-0.05,7.28,7.85,0.03,-0.03,-0.06,0.1,900.49,28.53,0.0,1114.91,-2.86
52.38,-0.04,7.26,7.87,0.05,-0.01,-0.06,0.11,894.92,28.53,0.0,1115.17,-2.82
52.39,-0.06,7.26,7.87,0.07,0.01,-0.06,0.14,885.63,28.53,0.0,1115.25,-2.7
52.4,-0.11,7.27,7.85,0.08,0.04,-0.04,0.17,877.99,28.54,0.0,1115.22,-2.56
52.41,-0.15,7.3,7.83,0.09,0.06,0.02,0.18,876.14,28.54,0.0,1115.18,-2.43
52.42,-0.19,7.35,7.81,0.09,0.08,0.11,0.18,879.72,28.53,0.0,1115.14,-2.34
52.43,-0.2,7.4,7.78,0.08,0.1,0.2,0.17,885.04,28.53,0.0,1115.02,-2.3
52.44,-0.19,7.45,7.73,0.07,0.1,0.24,0.18,888.64,28.53,0.0,1114.75,-2.3
52.45,-0.15,7.49,7.69,0.05,0.09,0.23,0.19,889.96,28.53,0.0,1114.41,-2.32
52.46,-0.11,7.51,7.66,0.03,0.08,0.2,0.2,891.43,28.53,0.0,1114.2,-2.38
52.47,-0.09,7.5,7.65,0.01,0.05,0.14,0.19,895.38,28.52,0.0,1114.27,-2.48
52.48,-0.09,7.48,7.67,-0.01,0.03,0.09,0.16,900.98,28.5,0.0,1114.58,-2.6
52.49,-0.11,7.46,7.71,-0.01,0.01,0.03,0.14,904.8,28.49,0.0,1115.03,-2.68
52.5,-0.14,7.47,7.77,-0.01,-0.0,-0.02,0.12,904.17,28.49,0.0,1115.51,-2.7
52.51,-0.17,7.49,7.83,-0.0,-0.01,-0.07,0.12,900.15,28.48,0.0,1115.94,-2.66
52.52,-0.19,7.51,7.85,0.01,-0.01,-0.11,0.12,896.78,28.48,0.0,1116.3,-2.57
52.53,-0.2,7.54,7.83,0.04,0.0,-0.11,0.13,897.34,28.47,0.0,1116.62,-2.46
52.54,-0.19,7.55,7.78,0.06,0.02,-0.1,0.14,901.69,28.47,0.0,1116.9,-2.35
52.55,-0.17,7.55,7.73,0.08,0.04,-0.07,0.14,907.37,28.47,0.0,1117.14,-2.27
52.56,-0.15,7.54,7.71,0.08,0.06,-0.03,0.13,911.99,28.47,0.0,1117.37,-2.25
52.57,-0.13,7.52,7.73,0.08,0.08,0.0,0.11,914.15,28.48,0.0,1117.52,-2.28
52.58,-0.12,7.47,7.75,0.08,0.09,0.03,0.1,913.07,28.49,0.0,1117.46,-2.37
52.59,-0.12,7.4,7.76,0.06,0.09,0.06,0.11,908.88,28.5,0.0,1117.12,-2.52
52.6,-0.14,7.32,7.74,0.05,0.08,0.07,0.13,903.26,28.5,0.0,1116.65,-2.68
52.61,-0.15,7.24,7.71,0.03,0.06,0.07,0.15,898.61,28.5,0.0,1116.41,-2.79
52.62,-0.17,7.18,7.68,0.02,0.04,0.04,0.16,896.51,28.5,0.0,1116.62,-2.79
52.63,-0.18,7.15,7.66,0.0,0.02,0.01,0.16,896.92,28.49,0.0,1117.2,-2.71
52.64,-0.17,7.16,7.65,-0.0,0.0,-0.01,0.15,898.76,28.48,0.0,1117.8,-2.58
52.65,-0.14,7.21,7.66,-0.0,-0.01,0.01,0.14,900.87,28.47,0.0,1118.15,-2.44
52.66,-0.1,7.27,7.69,0.01,-0.0,0.06,0.12,902.56,28.47,0.0,1118.2,-2.32
52.67,-0.06,7.32,7.72,0.02,0.0,0.1,0.09,903.84,28.47,0.0,1118.07,-2.23
52.68,-0.06,7.34,7.75,0.04,0.01,0.13,0.06,904.91,28.46,0.0,1117.94,-2.17
52.69,-0.08,7.35,7.78,0.06,0.03,0.13,0.03,905.06,28.46,0.0,1117.87,-2.14
52.7,-0.12,7.36,7.8,0.08,0.04,0.13,0.02,902.0,28.46,0.0,1117.88,-2.16
52.71,-0.16,7.39,7.79,0.09,0.05,0.14,0.04,894.36,28.46,0.0,1117.95,-2.24
52.72,-0.19,7.43,7.76,0.09,0.07,0.16,0.07,884.68,28.45,0.0,1118.07,-2.36
52.73,-0.19,7.45,7.72,0.08,0.08,0.17,0.11,878.6,28.45,0.0,1118.28,-2.52
52.74,-0.16,7.43,7.68,0.07,0.08,0.15,0.14,880.0,28.45,0.0,1118.62,-2.7
52.75,-0.1,7.36,7.65,0.05,0.08,0.1,0.15,887.32,28.45,0.0,1119.0,-2.86
52.76,-0.06,7.29,7.65,0.03,0.07,0.06,0.16,895.15,28.45,0.0,1119.27,-2.95
52.77,-0.04,7.24,7.67,0.01,0.05,0.04,0.16,898.97,28.46,0.0,1119.33,-2.92
52.78,-0.05,7.23,7.72,-0.0,0.02,0.05,0.16,898.24,28.46,0.0,1119.22,-2.81
52.79,-0.1,7.27,7.76,-0.01,0.0,0.06,0.15,895.64,28.46,0.0,1119.17,-2.65
52.8,-0.17,7.38,7.77,-0.01,-0.01,0.06,0.14,894.03,28.47,0.0,1119.32,-2.5
52.81,-0.25,7.52,7.76,0.0,-0.02,0.04,0.13,894.5,28.47,0.0,1119.66,-2.39
52.82,-0.29,7.64,7.75,0.02,-0.02,0.01,0.12,896.83,28.47,0.0,1120.08,-2.33
52.83,-0.3,7.71,7.76,0.04,-0.01,-0.02,0.12,900.21,28.48,0.0,1120.46,-2.33
52.84,-0.26,7.73,7.78,0.07,0.0,-0.03,0.13,904.03,28.49,0.0,1120.72,-2.38
52.85,-0.19,7.69,7.81,0.08,0.02,-0.02,0.14,908.55,28.49,0.0,1120.8,-2.48
52.86,-0.12,7.61,7.83,0.09,0.04,0.02,0.13,914.09,28.49,0.0,1120.7,-2.63
52.87,-0.06,7.51,7.85,0.09,0.06,0.08,0.12,919.57,28.48,0.0,1120.51,-2.78
52.88,-0.02,7.39,7.87,0.08,0.07,0.15,0.11,922.84,28.47,0.0,1120.33,-2.88
52.89,-0.04,7.28,7.89,0.06,0.07,0.2,0.12,922.56,28.45,0.0,1120.27,-2.88
52.9,-0.08,7.18,7.9,0.05,0.06,0.23,0.13,919.08,28.44,0.0,1120.3,-2.8
52.91,-0.14,7.1,7.89,0.03,0.05,0.22,0.13,913.34,28.44,0.0,1120.24,-2.67
52.92,-0.18,7.07,7.83,0.01,0.03,0.17,0.11,906.42,28.44,0.0,1120.0,-2.53
52.93,-0.2,7.08,7.75,-0.01,0.01,0.11,0.06,900.13,28.46,0.0,1119.64,-2.41
52.94,-0.19,7.12,7.68,-0.01,-0.0,0.04,0.03,896.73,28.47,0.0,1119.37,-2.33
52.95,-0.14,7.18,7.65,-0.01,-0.01,-0.01,0.03,897.33,28.48,0.0,1119.37,-2.31
52.96,-0.07,7.27,7.67,0.0,-0.02,-0.03,0.05,900.08,28.49,0.0,1119.6,-2.33
52.97,-0.02,7.35,7.71,0.02,-0.02,-0.02,0.09,900.42,28.49,0.0,1119.94,-2.43
52.98,-0.03,7.41,7.75,0.04,-0.02,0.01,0.12,895.1,28.49,0.0,1120.23,-2.62
52.99,-0.07,7.46,7.79,0.06,-0.0,0.05,0.13,885.92,28.49,0.0,1120.43,-2.84
53.0,-0.14,7.46,7.81,0.08,0.01,0.09,0.14,878.48,28.49,0.0,1120.56,-3.01
53.01,-0.19,7.43,7.82,0.09,0.03,0.13,0.14,877.1,28.49,0.0,1120.7,-3.08
53.02,-0.23,7.37,7.81,0.08,0.05,0.17,0.14,881.3,28.49,0.0,1120.83,-3.04
53.03,-0.22,7.3,7.79,0.08,0.06,0.21,0.14,887.07,28.49,0.0,1120.89,-2.91
53.04,-0.18,7.25,7.76,0.07,0.07,0.24,0.13,890.7,28.5,0.0,1120.81,-2.7
53.05,-0.13,7.23,7.73,0.05,0.07,0.27,0.13,891.66,28.49,0.0,1120.64,-2.48
53.06,-0.08,7.25,7.72,0.03,0.07,0.27,0.12,892.57,28.49,0.0,1120.5,-2.3
53.07,-0.08,7.31,7.74,0.02,0.05,0.23,0.12,895.95,28.49,0.0,1120.46,-2.17
53.08,-0.11,7.4,7.77,-0.0,0.03,0.17,0.12,901.67,28.48,0.0,1120.56,-2.12
53.09,-0.16,7.51,7.81,-0.01,0.01,0.11,0.11,907.88,28.48,0.0,1120.85,-2.17
53.1,-0.2,7.63,7.84,-0.01,-0.01,0.07,0.1,912.86,28.48,0.0,1121.33,-2.34
53.11,-0.22,7.74,7.87,0.0,-0.01,0.05,0.08,916.02,28.48,0.0,1121.86,-2.56
53.12,-0.21,7.8,7.88,0.02,-0.01,0.04,0.07,917.99,28.48,0.0,1122.24,-2.75
53.13,-0.17,7.8,7.86,0.04,0.0,0.01,0.08,919.67,28.48,0.0,1122.33,-2.86
53.14,-0.12,7.74,7.83,0.06,0.02,-0.02,0.1,921.13,28.48,0.0,1122.18,-2.86
53.15,-0.08,7.63,7.79,0.08,0.03,-0.04,0.11,921.57,28.47,0.0,1121.94,-2.76
53.16,-0.07,7.49,7.77,0.09,0.05,-0.04,0.13,920.38,28.47,0.0,1121.73,-2.57
53.17,-0.08,7.34,7.77,0.09,0.07,-0.03,0.13,917.6,28.47,0.0,1121.59,-2.35
53.18,-0.11,7.22,7.78,0.08,0.08,-0.01,0.13,913.21,28.48,0.0,1121.4,-2.19
53.19,-0.14,7.16,7.78,0.07,0.09,0.0,0.14,907.41,28.49,0.0,1121.04,-2.14
53.2,-0.17,7.15,7.79,0.05,0.09,0.01,0.15,901.47,28.49,0.0,1120.64,-2.2
53.21,-0.18,7.16,7.79,0.03,0.07,0.0,0.16,897.25,28.5,0.0,1120.47,-2.31
53.22,-0.17,7.16,7.78,0.01,0.05,-0.0,0.18,895.8,28.5,0.0,1120.75,-2.43
53.23,-0.14,7.15,7.77,-0.0,0.03,-0.01,0.19,896.77,28.49,0.0,1121.38,-2.53
53.24,-0.12,7.16,7.76,-0.01,0.01,-0.02,0.19,898.94,28.49,0.0,1122.07,-2.57
53.25,-0.09,7.2,7.77,-0.01,-0.01,-0.04,0.17,901.14,28.48,0.0,1122.59,-2.55
53.26,-0.07,7.26,7.78,-0.0,-0.01,-0.06,0.15,902.78,28.48,0.0,1122.85,-2.48
53.27,-0.08,7.31,7.79,0.01,-0.01,-0.08,0.12,903.93,28.49,0.0,1122.94,-2.38
53.28,-0.1,7.34,7.79,0.03,-0.0,-0.09,0.11,904.92,28.49,0.0,1122.99,-2.28
53.29,-0.14,7.34,7.8,0.05,0.01,-0.09,0.12,905.41,28.49,0.0,1123.04,-2.19
53.3,-0.18,7.33,7.79,0.07,0.02,-0.07,0.12,904.15,28.49,0.0,1123.09,-2.11
53.31,-0.21,7.32,7.79,0.08,0.04,-0.01,0.12,900.38,28.48,0.0,1123.14,-2.02
53.32,-0.21,7.32,7.79,0.08,0.06,0.07,0.11,895.51,28.48,0.0,1123.15,-1.96
53.33,-0.19,7.34,7.78,0.08,0.08,0.17,0.11,892.86,28.48,0.0,1123.14,-1.97
53.34,-0.13,7.37,7.76,0.07,0.08,0.25,0.14,894.68,28.47,0.0,1123.09,-2.11
53.35,-0.05,7.42,7.73,0.06,0.08,0.32,0.18,899.68,28.47,0.0,1123.0,-2.33
53.36,-0.0,7.48,7.72,0.04,0.06,0.33,0.21,903.9,28.47,0.0,1122.88,-2.6
53.37,-0.0,7.55,7.72,0.02,0.04,0.27,0.23,904.18,28.48,0.0,1122.7,-2.86
53.38,-0.05,7.61,7.74,0.01,0.02,0.17,0.23,901.14,28.48,0.0,1122.51,-3.08
53.39,-0.12,7.64,7.77,-0.0,-0.0,0.07,0.2,898.49,28.49,0.0,1122.4,-3.16
53.4,-0.2,7.62,7.8,-0.0,-0.01,0.0,0.17,899.36,28.49,0.0,1122.43,-3.08
53.41,-0.26,7.57,7.82,0.0,-0.01,-0.02,0.14,903.67,28.49,0.0,1122.59,-2.89
53.42,-0.28,7.5,7.83,0.02,-0.01,0.0,0.12,909.01,28.49,0.0,1122.85,-2.66
53.43,-0.25,7.42,7.81,0.03,0.0,0.05,0.09,913.13,28.49,0.0,1123.18,-2.46
53.44,-0.19,7.36,7.78,0.05,0.01,0.1,0.08,914.76,28.49,0.0,1123.52,-2.32
53.45,-0.12,7.3,7.76,0.07,0.02,0.12,0.07,913.24,28.49,0.0,1123.81,-2.26
53.46,-0.07,7.25,7.73,0.08,0.04,0.1,0.06,908.78,28.48,0.0,1124.01,-2.26
53.47,-0.05,7.21,7.72,0.08,0.06,0.06,0.06,903.05,28.48,0.0,1124.15,-2.33
53.48,-0.06,7.19,7.71,0.08,0.07,0.02,0.06,898.39,28.47,0.0,1124.28,-2.43
53.49,-0.11,7.21,7.72,0.07,0.08,0.01,0.07,896.33,28.46,0.0,1124.47,-2.58
53.5,-0.17,7.24,7.74,0.06,0.08,0.04,0.09,896.8,28.46,0.0,1124.65,-2.74
53.51,-0.22,7.27,7.77,0.04,0.07,0.08,0.1,898.71,28.46,0.0,1124.61,-2.87
53.52,-0.24,7.29,7.79,0.03,0.05,0.1,0.11,900.89,28.47,0.0,1124.2,-2.96
53.53,-0.23,7.3,7.8,0.01,0.03,0.11,0.12,902.66,28.48,0.0,1123.58,-2.99
53.54,-0.18,7.28,7.8,-0.0,0.01,0.1,0.13,903.99,28.48,0.0,1123.07,-2.97
53.55,-0.08,7.24,7.77,-0.01,-0.0,0.08,0.14,905.12,28.48,0.0,1122.94,-2.91
53.56,0.02,7.19,7.72,0.0,-0.01,0.07,0.15,905.23,28.48,0.0,1123.15,-2.81
53.57,0.08,7.18,7.68,0.01,-0.01,0.05,0.15,901.84,28.48,0.0,1123.52,-2.73
53.58,0.07,7.23,7.66,0.03,0.0,0.04,0.13,893.44,28.47,0.0,1123.84,-2.66
53.59,-0.0,7.31,7.67,0.06,0.02,0.04,0.11,882.85,28.47,0.0,1124.04,-2.63
53.6,-0.1,7.4,7.69,0.07,0.04,0.04,0.08,876.36,28.48,0.0,1124.17,-2.67
53.61,-0.19,7.47,7.7,0.08,0.06,0.04,0.06,878.22,28.48,0.0,1124.29,-2.78
53.62,-0.24,7.52,7.71,0.09,0.08,0.05,0.05,886.69,28.49,0.0,1124.43,-2.93
53.63,-0.24,7.55,7.71,0.08,0.1,0.04,0.05,895.74,28.49,0.0,1124.58,-3.03
53.64,-0.18,7.58,7.7,0.07,0.1,0.03,0.06,900.36,28.49,0.0,1124.71,-3.02
53.65,-0.09,7.6,7.7,0.06,0.09,0.01,0.07,899.87,28.5,0.0,1124.84,-2.9
53.66,-0.03,7.62,7.7,0.04,0.08,-0.01,0.09,897.08,28.5,0.0,1125.03,-2.72
53.67,-0.05,7.61,7.71,0.02,0.06,-0.0,0.11,895.06,28.5,0.0,1125.36,-2.51
53.68,-0.13,7.58,7.73,0.0,0.04,0.02,0.13,895.11,28.49,0.0,1125.75,-2.33
53.69,-0.22,7.54,7.75,-0.01,0.02,0.04,0.14,897.12,28.49,0.0,1126.07,-2.19
53.7,-0.29,7.53,7.79,-0.01,0.01,0.07,0.13,900.34,28.49,0.0,1126.21,-2.09
53.71,-0.32,7.53,7.83,-0.0,-0.0,0.09,0.1,904.04,28.49,0.0,1126.17,-2.06
53.72,-0.29,7.55,7.85,0.01,-0.0,0.11,0.08,908.17,28.49,0.0,1125.95,-2.1
53.73,-0.2,7.6,7.86,0.03,0.0,0.13,0.05,912.82,28.49,0.0,1125.6,-2.24
53.74,-0.09,7.64,7.85,0.05,0.01,0.15,0.05,917.22,28.49,0.0,1125.23,-2.43
53.75,-0.0,7.65,7.83,0.07,0.03,0.17,0.06,919.9,28.48,0.0,1125.01,-2.61
53.76,0.04,7.61,7.82,0.07,0.04,0.19,0.09,920.03,28.48,0.0,1125.06,-2.75
53.77,0.03,7.52,7.8,0.08,0.05,0.21,0.13,917.69,28.49,0.0,1125.29,-2.82
53.78,-0.02,7.39,7.78,0.07,0.07,0.2,0.16,913.07,28.49,0.0,1125.48,-2.82
53.79,-0.1,7.24,7.73,0.07,0.07,0.16,0.17,906.62,28.49,0.0,1125.47,-2.74
53.8,-0.19,7.1,7.68,0.05,0.08,0.1,0.17,900.09,28.48,0.0,1125.32,-2.6
53.81,-0.24,6.99,7.63,0.04,0.07,0.02,0.16,896.06,28.48,0.0,1125.31,-2.42
53.82,-0.23,6.95,7.59,0.02,0.06,-0.04,0.15,896.02,28.48,0.0,1125.66,-2.21
53.83,-0.17,6.96,7.59,0.0,0.03,-0.09,0.15,898.41,28.48,0.0,1126.31,-2.0
53.84,-0.11,7.02,7.62,-0.01,0.01,-0.1,0.14,899.0,28.49,0.0,1126.99,-1.86
53.85,-0.06,7.12,7.68,-0.01,-0.0,-0.08,0.12,894.65,28.49,0.0,1127.48,-1.82
53.86,-0.04,7.23,7.76,-0.01,-0.01,-0.05,0.09,886.73,28.5,0.0,1127.71,-1.88
53.87,-0.07,7.34,7.82,0.01,-0.01,0.0,0.05,880.04,28.5,0.0,1127.73,-2.02
53.88,-0.13,7.42,7.86,0.03,0.0,0.05,0.02,878.34,28.5,0.0,1127.62,-2.24
53.89,-0.2,7.49,7.88,0.05,0.02,0.1,-0.01,881.4,28.49,0.0,1127.46,-2.45
53.9,-0.25,7.53,7.88,0.07,0.04,0.11,-0.01,886.04,28.49,0.0,1127.26,-2.57
53.91,-0.25,7.56,7.86,0.08,0.06,0.09,-0.0,889.22,28.49,0.0,1127.05,-2.53
53.92,-0.22,7.57,7.84,0.09,0.08,0.05,0.03,890.5,28.49,0.0,1126.83,-2.38
53.93,-0.15,7.55,7.82,0.08,0.1,0.01,0.07,892.11,28.49,0.0,1126.62,-2.2
53.94,-0.07,7.5,7.79,0.07,0.1,-0.02,0.12,896.16,28.49,0.0,1126.44,-2.06
53.95,-0.01,7.43,7.77,0.06,0.09,-0.03,0.17,901.74,28.49,0.0,1126.29,-2.01
53.96,0.01,7.36,7.75,0.04,0.08,-0.03,0.2,905.39,28.49,0.0,1126.18,-2.06
53.97,-0.03,7.31,7.76,0.02,0.06,-0.03,0.21,904.5,28.49,0.0,1126.11,-2.2
53.98,-0.11,7.3,7.78,0.01,0.03,-0.03,0.19,900.23,28.48,0.0,1126.07,-2.39
53.99,-0.19,7.33,7.8,-0.01,0.0,-0.04,0.17,896.74,28.48,0.0,1126.08,-2.58
54.0,-0.23,7.39,7.8,-0.01,-0.02,-0.05,0.15,897.39,28.48,0.0,1126.15,-2.74
54.01,-0.24,7.46,7.78,-0.01,-0.03,-0.06,0.14,901.97,28.48,0.0,1126.28,-2.85
54.02,-0.2,7.51,7.77,0.0,-0.03,-0.07,0.12,907.86,28.48,0.0,1126.52,-2.89
54.03,-0.15,7.52,7.76,0.02,-0.02,-0.05,0.11,912.55,28.48,0.0,1126.91,-2.86
54.04,-0.08,7.49,7.77,0.05,0.0,-0.02,0.09,914.64,28.48,0.0,1127.36,-2.79
54.05,-0.04,7.42,7.78,0.07,0.02,0.03,0.07,913.43,28.49,0.0,1127.69,-2.7
54.06,-0.03,7.34,7.76,0.08,0.05,0.09,0.05,909.16,28.49,0.0,1127.79,-2.61
54.07,-0.05,7.25,7.74,0.09,0.07,0.15,0.03,903.52,28.49,0.0,1127.68,-2.55
54.08,-0.09,7.17,7.72,0.09,0.08,0.18,0.03,898.9,28.49,0.0,1127.5,-2.51
54.09,-0.14,7.11,7.72,0.08,0.08,0.16,0.06,896.83,28.49,0.0,1127.34,-2.47
54.1,-0.19,7.06,7.74,0.07,0.07,0.12,0.1,897.26,28.48,0.0,1127.25,-2.46
54.11,-0.21,7.06,7.75,0.05,0.06,0.08,0.15,899.17,28.48,0.0,1127.25,-2.49
54.12,-0.19,7.12,7.75,0.03,0.04,0.05,0.19,901.43,28.48,0.0,1127.29,-2.59
54.13,-0.14,7.21,7.74,0.01,0.02,0.05,0.22,903.35,28.49,0.0,1127.33,-2.74
54.14,-0.08,7.32,7.71,0.0,-0.0,0.07,0.23,904.86,28.49,0.0,1127.29,-2.89
54.15,-0.03,7.4,7.7,-0.0,-0.02,0.11,0.21,906.18,28.48,0.0,1127.13,-3.02
54.16,0.01,7.46,7.7,0.0,-0.02,0.14,0.18,906.43,28.47,0.0,1126.9,-3.1
54.17,0.01,7.49,7.71,0.01,-0.03,0.17,0.14,903.04,28.45,0.0,1126.74,-3.1
54.18,-0.04,7.53,7.72,0.03,-0.02,0.2,0.1,894.45,28.44,0.0,1126.75,-3.0
54.19,-0.11,7.56,7.75,0.05,-0.01,0.22,0.07,883.54,28.44,0.0,1126.93,-2.84
54.2,-0.16,7.58,7.77,0.07,0.01,0.23,0.06,876.63,28.44,0.0,1127.21,-2.66
54.21,-0.17,7.59,7.8,0.08,0.03,0.23,0.05,878.08,28.44,0.0,1127.54,-2.49
54.22,-0.14,7.57,7.81,0.08,0.06,0.23,0.06,886.19,28.44,0.0,1127.85,-2.37
54.23,-0.11,7.54,7.82,0.08,0.08,0.21,0.07,895.05,28.44,0.0,1128.13,-2.34
54.24,-0.09,7.48,7.8,0.08,0.09,0.16,0.09,899.64,28.43,0.0,1128.37,-2.39
54.25,-0.09,7.43,7.78,0.07,0.09,0.09,0.1,899.27,28.43,0.0,1128.55,-2.5
54.26,-0.13,7.39,7.75,0.05,0.08,0.03,0.12,896.68,28.43,0.0,1128.62,-2.61
54.27,-0.2,7.38,7.72,0.03,0.06,0.0,0.13,894.9,28.44,0.0,1128.56,-2.65
54.28,-0.28,7.39,7.7,0.01,0.04,0.01,0.13,895.18,28.45,0.0,1128.41,-2.63
54.29,-0.33,7.42,7.69,-0.0,0.03,0.04,0.13,897.43,28.45,0.0,1128.3,-2.56
54.3,-0.33,7.44,7.7,-0.0,0.01,0.08,0.13,900.92,28.45,0.0,1128.29,-2.44
54.31,-0.28,7.46,7.72,-0.0,0.0,0.13,0.13,904.87,28.45,0.0,1128.38,-2.32
54.32,-0.19,7.44,7.74,0.01,-0.0,0.16,0.13,909.14,28.45,0.0,1128.5,-2.23
54.33,-0.09,7.39,7.75,0.03,0.01,0.14,0.11,913.76,28.45,0.0,1128.6,-2.19
54.34,-0.01,7.32,7.76,0.05,0.02,0.09,0.1,917.92,28.45,0.0,1128.65,-2.19
54.35,0.04,7.26,7.77,0.07,0.03,0.03,0.1,920.11,28.45,0.0,1128.61,-2.25
54.36,0.03,7.23,7.78,0.08,0.05,-0.01,0.13,919.44,28.44,0.0,1128.5,-2.35
54.37,-0.03,7.22,7.78,0.08,0.06,-0.04,0.18,916.47,28.44,0.0,1128.36,-2.48
54.38,-0.11,7.24,7.78,0.08,0.07,-0.03,0.21,912.38,28.44,0.0,1128.25,-2.61
54.39,-0.19,7.26,7.76,0.08,0.08,0.01,0.22,908.28,28.44,0.0,1128.19,-2.72
54.4,-0.25,7.28,7.72,0.07,0.08,0.06,0.2,905.15,28.45,0.0,1128.17,-2.79
54.41,-0.26,7.28,7.68,0.05,0.07,0.11,0.16,903.86,28.45,0.0,1128.12,-2.78
54.42,-0.19,7.26,7.65,0.03,0.06,0.13,0.12,904.65,28.45,0.0,1127.98,-2.69
54.43,-0.09,7.23,7.63,0.01,0.05,0.12,0.09,905.99,28.45,0.0,1127.83,-2.53
54.44,-0.01,7.22,7.63,-0.01,0.03,0.09,0.08,904.43,28.45,0.0,1127.84,-2.35
54.45,0.03,7.25,7.66,-0.01,0.01,0.05,0.09,897.69,28.45,0.0,1128.15,-2.16
54.46,0.01,7.3,7.72,-0.01,-0.01,0.01,0.11,887.8,28.45,0.0,1128.66,-2.0
54.47,-0.05,7.36,7.77,0.0,-0.02,-0.01,0.13,879.86,28.46,0.0,1129.18,-1.92
54.48,-0.13,7.41,7.8,0.02,-0.01,0.01,0.15,877.64,28.46,0.0,1129.54,-1.93
54.49,-0.2,7.45,7.82,0.05,-0.0,0.06,0.15,880.65,28.46,0.0,1129.67,-2.02
54.5,-0.23,7.48,7.83,0.07,0.02,0.1,0.14,885.38,28.46,0.0,1129.6,-2.17
54.51,-0.22,7.52,7.83,0.08,0.04,0.12,0.13,888.5,28.46,0.0,1129.39,-2.35
54.52,-0.18,7.56,7.83,0.09,0.07,0.12,0.11,889.6,28.46,0.0,1129.1,-2.53
54.53,-0.14,7.57,7.83,0.09,0.09,0.1,0.1,891.26,28.46,0.0,1128.74,-2.67
54.54,-0.14,7.54,7.83,0.08,0.1,0.07,0.1,895.86,28.46,0.0,1128.3,-2.73
54.55,-0.17,7.49,7.81,0.07,0.1,0.04,0.11,902.81,28.46,0.0,1127.87,-2.73
54.56,-0.22,7.42,7.8,0.05,0.08,0.02,0.12,909.56,28.46,0.0,1127.59,-2.69
54.57,-0.27,7.37,7.77,0.03,0.07,0.03,0.14,913.96,28.46,0.0,1127.54,-2.61
54.58,-0.29,7.34,7.75,0.01,0.05,0.06,0.16,915.83,28.45,0.0,1127.67,-2.53
54.59,-0.28,7.34,7.74,-0.0,0.03,0.08,0.17,916.82,28.45,0.0,1127.85,-2.46
54.6,-0.23,7.36,7.73,-0.01,0.01,0.08,0.16,918.59,28.44,0.0,1127.94,-2.41
54.61,-0.15,7.4,7.74,-0.01,-0.01,0.07,0.15,921.03,28.44,0.0,1127.92,-2.39
54.62,-0.08,7.42,7.76,0.01,-0.02,0.05,0.12,922.4,28.44,0.0,1127.87,-2.41
54.63,-0.04,7.43,7.78,0.02,-0.02,0.02,0.1,921.31,28.44,0.0,1127.86,-2.46
54.64,-0.03,7.41,7.8,0.05,-0.01,-0.0,0.09,917.75,28.45,0.0,1127.92,-2.54
54.65,-0.06,7.39,7.8,0.06,0.01,-0.03,0.08,912.16,28.45,0.0,1128.08,-2.61
54.66,-0.12,7.37,7.8,0.08,0.04,-0.06,0.06,905.25,28.45,0.0,1128.34,-2.65
54.67,-0.2,7.36,7.79,0.09,0.06,-0.08,0.06,898.78,28.45,0.0,1128.64,-2.65
54.68,-0.26,7.34,7.78,0.09,0.07,-0.07,0.06,895.24,28.45,0.0,1128.95,-2.64
54.69,-0.29,7.27,7.76,0.09,0.08,-0.02,0.07,896.0,28.46,0.0,1129.22,-2.61
54.7,-0.28,7.18,7.74,0.08,0.07,0.05,0.09,899.15,28.45,0.0,1129.4,-2.59
54.71,-0.24,7.1,7.72,0.06,0.06,0.12,0.11,899.98,28.45,0.0,1129.45,-2.57
54.72,-0.18,7.05,7.69,0.04,0.04,0.18,0.12,895.04,28.45,0.0,1129.32,-2.53
54.73,-0.1,7.05,7.65,0.01,0.02,0.21,0.12,886.0,28.45,0.0,1129.09,-2.49
54.74,-0.06,7.1,7.62,-0.0,0.01,0.22,0.12,878.25,28.45,0.0,1128.85,-2.49
54.75,-0.06,7.18,7.61,-0.01,-0.01,0.2,0.11,876.04,28.45,0.0,1128.67,-2.55
54.76,-0.09,7.29,7.63,-0.0,-0.01,0.17,0.11,879.23,28.44,0.0,1128.58,-2.65
54.77,-0.14,7.41,7.67,0.01,-0.02,0.13,0.1,884.47,28.44,0.0,1128.58,-2.79
54.78,-0.17,7.52,7.75,0.02,-0.01,0.07,0.09,888.51,28.44,0.0,1128.65,-2.94
54.79,-0.18,7.6,7.85,0.04,-0.0,0.0,0.08,890.61,28.45,0.0,1128.77,-3.07
54.8,-0.16,7.64,7.92,0.06,0.01,-0.05,0.08,892.79,28.45,0.0,1128.95,-3.1
54.81,-0.11,7.65,7.96,0.07,0.03,-0.08,0.09,897.05,28.45,0.0,1129.19,-3.0
54.82,-0.06,7.61,7.95,0.08,0.05,-0.08,0.1,902.53,28.45,0.0,1129.5,-2.81
54.83,-0.03,7.55,7.9,0.09,0.06,-0.07,0.11,905.93,28.45,0.0,1129.86,-2.6
54.84,-0.05,7.48,7.84,0.08,0.07,-0.05,0.12,904.8,28.45,0.0,1130.3,-2.43
54.85,-0.1,7.42,7.76,0.07,0.07,-0.02,0.12,900.35,28.45,0.0,1130.71,-2.32
54.86,-0.17,7.37,7.7,0.05,0.06,0.01,0.13,896.79,28.45,0.0,1130.94,-2.27
54.87,-0.23,7.35,7.64,0.03,0.05,0.03,0.14,897.43,28.46,0.0,1130.88,-2.26
54.88,-0.27,7.36,7.6,0.01,0.04,0.04,0.15,902.04,28.46,0.0,1130.64,-2.29
54.89,-0.27,7.38,7.58,-0.01,0.03,0.04,0.15,907.97,28.47,0.0,1130.48,-2.35
54.9,-0.22,7.43,7.6,-0.01,0.02,0.02,0.15,912.68,28.47,0.0,1130.58,-2.48
54.91,-0.14,7.48,7.64,-0.01,0.01,-0.01,0.13,914.75,28.47,0.0,1130.88,-2.62
54.92,-0.07,7.51,7.69,-0.0,0.0,-0.03,0.11,913.51,28.46,0.0,1131.09,-2.72
54.93,-0.01,7.5,7.74,0.01,0.0,-0.04,0.09,909.2,28.46,0.0,1130.99,-2.74
54.94,0.0,7.45,7.78,0.03,0.0,-0.04,0.09,903.52,28.45,0.0,1130.61,-2.68
54.95,-0.02,7.38,7.8,0.05,0.01,-0.01,0.08,898.85,28.45,0.0,1130.18,-2.6
54.96,-0.07,7.31,7.81,0.07,0.03,0.03,0.08,896.72,28.45,0.0,1129.91,-2.55
54.97,-0.14,7.24,7.8,0.08,0.04,0.07,0.07,897.11,28.45,0.0,1129.85,-2.53
54.98,-0.2,7.19,7.78,0.09,0.06,0.11,0.07,899.01,28.46,0.0,1129.96,-2.52
54.99,-0.22,7.16,7.75,0.08,0.07,0.11,0.07,901.33,28.46,0.0,1130.13,-2.49
55.0,-0.2,7.16,7.72,0.07,0.07,0.1,0.07,903.34,28.47,0.0,1130.29,-2.43
55.01,-0.16,7.16,7.68,0.05,0.06,0.07,0.09,904.95,28.47,0.0,1130.38,-2.4
55.02,-0.12,7.17,7.66,0.03,0.05,0.03,0.11,906.33,28.47,0.0,1130.38,-2.43
55.03,-0.09,7.19,7.64,0.01,0.04,0.0,0.13,906.6,28.46,0.0,1130.31,-2.51
55.04,-0.08,7.24,7.65,-0.01,0.02,-0.0,0.14,903.2,28.46,0.0,1130.22,-2.59
55.05,-0.11,7.32,7.68,-0.02,0.01,0.01,0.14,894.6,28.46,0.0,1130.14,-2.63
55.06,-0.14,7.42,7.74,-0.02,0.0,0.03,0.12,883.68,28.46,0.0,1130.11,-2.61
55.07,-0.17,7.51,7.79,-0.0,-0.0,0.06,0.1,876.78,28.47,0.0,1130.14,-2.54
55.08,-0.17,7.54,7.82,0.02,0.0,0.06,0.09,878.23,28.48,0.0,1130.22,-2.4
55.09,-0.14,7.53,7.81,0.04,0.02,0.05,0.1,886.35,28.5,0.0,1130.33,-2.24
55.1,-0.1,7.48,7.8,0.06,0.03,0.04,0.1,895.21,28.52,0.0,1130.44,-2.1
55.11,-0.08,7.42,7.78,0.08,0.06,0.03,0.1,899.8,28.52,0.0,1130.52,-2.01
55.12,-0.08,7.37,7.77,0.09,0.08,0.03,0.09,899.38,28.53,0.0,1130.55,-1.97
55.13,-0.12,7.34,7.75,0.09,0.09,0.04,0.07,896.57,28.53,0.0,1130.47,-2.02
55.14,-0.2,7.35,7.72,0.09,0.09,0.05,0.05,894.31,28.53,0.0,1130.25,-2.16
55.15,-0.29,7.39,7.67,0.08,0.08,0.06,0.04,894.07,28.53,0.0,1129.98,-2.36
55.16,-0.35,7.44,7.64,0.06,0.06,0.08,0.04,896.2,28.53,0.0,1129.81,-2.57
55.17,-0.36,7.48,7.65,0.03,0.04,0.09,0.07,900.28,28.53,0.0,1129.87,-2.76
55.18,-0.32,7.52,7.69,0.01,0.02,0.1,0.1,905.32,28.51,0.0,1130.1,-2.89
55.19,-0.23,7.54,7.74,-0.0,0.0,0.1,0.12,910.61,28.51,0.0,1130.37,-2.92
55.2,-0.13,7.54,7.79,-0.0,-0.01,0.07,0.12,915.75,28.5,0.0,1130.57,-2.84
55.21,-0.03,7.53,7.83,0.0,-0.02,0.02,0.09,919.87,28.51,0.0,1130.64,-2.67
55.22,0.02,7.5,7.87,0.02,-0.02,-0.02,0.05,921.62,28.51,0.0,1130.6,-2.5
55.23,0.02,7.45,7.9,0.03,-0.01,-0.03,0.03,920.37,28.52,0.0,1130.51,-2.38
55.24,-0.02,7.4,7.93,0.05,0.01,-0.03,0.02,916.66,28.52,0.0,1130.38,-2.32
55.25,-0.09,7.34,7.94,0.06,0.03,-0.01,0.04,911.3,28.53,0.0,1130.23,-2.31
55.26,-0.16,7.28,7.91,0.07,0.05,-0.01,0.06,905.09,28.52,0.0,1130.05,-2.33
55.27,-0.22,7.24,7.85,0.08,0.08,-0.0,0.09,899.53,28.52,0.0,1129.84,-2.37
55.28,-0.23,7.21,7.79,0.09,0.09,0.02,0.11,896.6,28.52,0.0,1129.63,-2.45
55.29,-0.19,7.19,7.74,0.08,0.09,0.06,0.12,897.28,28.51,0.0,1129.43,-2.6
55.3,-0.12,7.17,7.71,0.07,0.09,0.12,0.12,899.89,28.51,0.0,1129.25,-2.77
55.31,-0.07,7.17,7.69,0.06,0.08,0.18,0.12,900.29,28.51,0.0,1129.18,-2.87
55.32,-0.07,7.2,7.67,0.03,0.07,0.2,0.11,895.51,28.52,0.0,1129.25,-2.83
55.33,-0.1,7.24,7.65,0.01,0.05,0.18,0.11,887.16,28.54,0.0,1129.39,-2.68
55.34,-0.16,7.29,7.64,-0.01,0.04,0.14,0.11,880.12,28.55,0.0,1129.46,-2.47
55.35,-0.22,7.31,7.63,-0.01,0.02,0.07,0.11,878.22,28.55,0.0,1129.35,-2.25
55.36,-0.26,7.33,7.63,-0.01,0.01,0.01,0.12,881.17,28.54,0.0,1129.13,-2.09
55.37,-0.26,7.34,7.64,0.0,0.0,-0.04,0.12,885.64,28.53,0.0,1129.0,-2.03
55.38,-0.22,7.34,7.66,0.02,0.0,-0.07,0.11,888.48,28.52,0.0,1129.12,-2.12
55.39,-0.15,7.36,7.69,0.04,0.01,-0.08,0.09,889.38,28.51,0.0,1129.42,-2.29
55.4,-0.08,7.39,7.71,0.05,0.02,-0.08,0.08,890.94,28.51,0.0,1129.68,-2.47
55.41,-0.04,7.43,7.73,0.07,0.04,-0.09,0.08,895.54,28.5,0.0,1129.72,-2.61
55.42,-0.03,7.48,7.73,0.08,0.06,-0.09,0.1,902.55,28.5,0.0,1129.57,-2.68
55.43,-0.05,7.54,7.74,0.08,0.07,-0.08,0.12,909.37,28.5,0.0,1129.43,-2.68
55.44,-0.11,7.59,7.75,0.08,0.08,-0.06,0.16,913.82,28.51,0.0,1129.48,-2.65
55.45,-0.19,7.63,7.76,0.07,0.08,-0.02,0.19,915.73,28.51,0.0,1129.68,-2.61
55.46,-0.25,7.63,7.76,0.05,0.08,0.03,0.2,916.75,28.52,0.0,1129.88,-2.54
55.47,-0.27,7.61,7.75,0.03,0.07,0.1,0.18,918.57,28.53,0.0,1129.9,-2.44
55.48,-0.25,7.55,7.72,0.01,0.05,0.17,0.15,921.17,28.54,0.0,1129.77,-2.34
55.49,-0.21,7.47,7.7,-0.01,0.03,0.2,0.11,922.97,28.55,0.0,1129.6,-2.27
55.5,-0.16,7.37,7.7,-0.01,0.02,0.19,0.07,922.7,28.55,0.0,1129.52,-2.25
55.51,-0.11,7.28,7.72,-0.01,0.01,0.14,0.05,920.12,28.55,0.0,1129.57,-2.28
55.52,-0.07,7.22,7.76,0.0,0.0,0.07,0.03,915.21,28.54,0.0,1129.73,-2.33
55.53,-0.05,7.21,7.79,0.02,0.01,0.0,0.01,908.35,28.54,0.0,1129.97,-2.38
55.54,-0.06,7.25,7.82,0.04,0.02,-0.06,0.0,901.27,28.54,0.0,1130.18,-2.43
55.55,-0.07,7.29,7.85,0.06,0.03,-0.11,-0.0,896.4,28.53,0.0,1130.22,-2.49
55.56,-0.1,7.3,7.88,0.07,0.05,-0.13,0.0,895.15,28.53,0.0,1129.99,-2.56
55.57,-0.13,7.28,7.9,0.09,0.07,-0.13,0.02,896.93,28.53,0.0,1129.57,-2.62
55.58,-0.15,7.25,7.9,0.09,0.09,-0.11,0.04,899.92,28.53,0.0,1129.13,-2.62
55.59,-0.14,7.21,7.86,0.09,0.09,-0.09,0.06,902.44,28.54,0.0,1128.78,-2.52
55.6,-0.12,7.17,7.79,0.08,0.09,-0.06,0.07,903.87,28.54,0.0,1128.59,-2.35
55.61,-0.1,7.15,7.72,0.06,0.08,-0.05,0.09,904.52,28.54,0.0,1128.5,-2.18
55.62,-0.09,7.14,7.67,0.04,0.07,-0.04,0.1,905.0,28.54,0.0,1128.46,-2.06
55.63,-0.1,7.15,7.64,0.02,0.06,-0.05,0.11,905.15,28.54,0.0,1128.45,-2.02
55.64,-0.12,7.18,7.64,0.0,0.04,-0.04,0.11,903.77,28.54,0.0,1128.48,-2.06
55.65,-0.14,7.22,7.69,-0.01,0.03,0.01,0.11,900.02,28.53,0.0,1128.58,-2.17
55.66,-0.16,7.28,7.75,-0.0,0.02,0.07,0.1,895.28,28.52,0.0,1128.72,-2.31
55.67,-0.15,7.36,7.8,0.0,0.01,0.13,0.09,892.77,28.51,0.0,1128.85,-2.44
55.68,-0.11,7.46,7.83,0.02,0.01,0.16,0.09,894.72,28.51,0.0,1128.95,-2.53
55.69,-0.06,7.57,7.82,0.03,0.02,0.16,0.09,899.82,28.52,0.0,1129.0,-2.59
55.7,-0.02,7.66,7.82,0.05,0.03,0.14,0.1,904.07,28.52,0.0,1129.02,-2.61
55.71,-0.02,7.72,7.83,0.06,0.04,0.12,0.1,904.34,28.52,0.0,1129.05,-2.6
55.72,-0.06,7.75,7.87,0.07,0.06,0.1,0.11,901.25,28.53,0.0,1129.03,-2.57
55.73,-0.13,7.71,7.89,0.08,0.06,0.08,0.11,898.57,28.53,0.0,1128.81,-2.5
55.74,-0.22,7.61,7.87,0.08,0.07,0.05,0.11,899.45,28.53,0.0,1128.29,-2.4
55.75,-0.3,7.47,7.83,0.07,0.07,0.01,0.12,903.78,28.53,0.0,1127.61,-2.3
55.76,-0.35,7.33,7.79,0.06,0.06,-0.01,0.12,909.15,28.53,0.0,1127.06,-2.22
55.77,-0.34,7.22,7.76,0.04,0.05,-0.01,0.12,913.25,28.52,0.0,1126.85,-2.21
55.78,-0.29,7.16,7.75,0.01,0.04,0.01,0.12,914.85,28.51,0.0,1126.95,-2.25
55.79,-0.23,7.14,7.75,-0.0,0.02,0.04,0.12,913.32,28.51,0.0,1127.13,-2.34
55.8,-0.16,7.15,7.75,-0.01,0.0,0.09,0.13,908.9,28.51,0.0,1127.19,-2.45
55.81,-0.1,7.18,7.73,-0.0,-0.01,0.13,0.14,903.24,28.5,0.0,1127.12,-2.57
55.82,-0.07,7.22,7.72,0.0,-0.02,0.15,0.14,898.66,28.51,0.0,1127.12,-2.66
55.83,-0.08,7.29,7.7,0.02,-0.02,0.13,0.13,896.65,28.51,0.0,1127.33,-2.7
55.84,-0.12,7.37,7.68,0.03,-0.0,0.09,0.1,897.14,28.51,0.0,1127.71,-2.69
55.85,-0.16,7.42,7.69,0.05,0.02,0.03,0.07,899.1,28.51,0.0,1127.98,-2.61
55.86,-0.18,7.43,7.73,0.07,0.05,-0.02,0.06,901.42,28.51,0.0,1127.95,-2.46
55.87,-0.19,7.4,7.78,0.08,0.07,-0.06,0.06,903.4,28.51,0.0,1127.66,-2.29
55.88,-0.16,7.32,7.82,0.09,0.09,-0.07,0.08,904.96,28.5,0.0,1127.28,-2.19
55.89,-0.11,7.21,7.84,0.08,0.1,-0.06,0.1,906.27,28.5,0.0,1127.01,-2.2
55.9,-0.05,7.1,7.83,0.07,0.1,-0.02,0.13,906.47,28.5,0.0,1126.91,-2.32
55.91,-0.01,7.03,7.8,0.05,0.09,0.03,0.15,903.01,28.51,0.0,1126.97,-2.51
55.92,-0.03,7.04,7.75,0.03,0.07,0.11,0.15,894.36,28.51,0.0,1127.13,-2.72
55.93,-0.09,7.12,7.7,-0.0,0.05,0.17,0.14,883.41,28.52,0.0,1127.3,-2.89
55.94,-0.15,7.23,7.67,-0.02,0.02,0.2,0.13,876.56,28.53,0.0,1127.38,-2.96
55.95,-0.19,7.36,7.65,-0.03,0.0,0.17,0.12,878.18,28.54,0.0,1127.3,-2.92
55.96,-0.2,7.47,7.66,-0.03,-0.02,0.1,0.11,886.51,28.54,0.0,1127.12,-2.79
55.97,-0.18,7.58,7.69,-0.01,-0.03,0.02,0.11,895.51,28.54,0.0,1126.96,-2.61
55.98,-0.13,7.68,7.72,0.0,-0.03,-0.05,0.11,900.08,28.54,0.0,1126.91,-2.43
55.99,-0.08,7.77,7.76,0.02,-0.02,-0.1,0.1,899.54,28.53,0.0,1126.95,-2.26
56.0,-0.06,7.81,7.79,0.04,-0.0,-0.12,0.11,896.72,28.53,0.0,1126.92,-2.15
56.01,-0.09,7.8,7.81,0.06,0.02,-0.11,0.13,894.7,28.53,0.0,1126.71,-2.08
56.02,-0.17,7.74,7.81,0.07,0.05,-0.08,0.15,894.8,28.53,0.0,1126.36,-2.07
56.03,-0.25,7.65,7.82,0.07,0.07,-0.04,0.17,896.89,28.53,0.0,1126.02,-2.15
56.04,-0.3,7.54,7.82,0.07,0.08,0.0,0.18,900.2,28.52,0.0,1125.81,-2.36
56.05,-0.31,7.44,7.83,0.06,0.08,0.04,0.18,903.98,28.52,0.0,1125.77,-2.62
56.06,-0.28,7.38,7.84,0.05,0.08,0.07,0.18,908.17,28.51,0.0,1125.9,-2.85
56.07,-0.22,7.38,7.83,0.03,0.07,0.1,0.18,912.87,28.52,0.0,1126.16,-2.98
56.08,-0.14,7.42,7.83,0.0,0.06,0.12,0.19,917.3,28.53,0.0,1126.46,-3.0
56.09,-0.07,7.47,7.82,-0.01,0.04,0.12,0.2,920.0,28.54,0.0,1126.61,-2.92
56.1,-0.02,7.49,7.81,-0.02,0.03,0.1,0.2,920.1,28.55,0.0,1126.54,-2.77
56.11,-0.01,7.47,7.81,-0.02,0.01,0.05,0.2,917.72,28.55,0.0,1126.28,-2.59
56.12,-0.03,7.43,7.79,-0.01,-0.0,-0.0,0.19,913.06,28.55,0.0,1126.01,-2.43
56.13,-0.09,7.36,7.74,0.01,-0.01,-0.04,0.16,906.59,28.55,0.0,1125.86,-2.3
56.14,-0.16,7.29,7.68,0.02,-0.0,-0.05,0.13,900.09,28.55,0.0,1125.87,-2.22
56.15,-0.21,7.23,7.65,0.04,0.01,-0.04,0.09,896.22,28.55,0.0,1126.08,-2.23
56.16,-0.21,7.19,7.66,0.06,0.03,-0.0,0.06,896.51,28.55,0.0,1126.45,-2.33
56.17,-0.18,7.18,7.7,0.08,0.05,0.06,0.03,899.25,28.55,0.0,1126.85,-2.48
56.18,-0.13,7.17,7.75,0.09,0.07,0.1,0.02,899.76,28.55,0.0,1127.09,-2.61
56.19,-0.11,7.19,7.78,0.08,0.09,0.13,0.01,894.64,28.56,0.0,1127.04,-2.69
56.2,-0.11,7.21,7.77,0.07,0.1,0.12,0.01,885.53,28.56,0.0,1126.74,-2.7
56.21,-0.14,7.24,7.74,0.06,0.09,0.1,0.02,877.79,28.55,0.0,1126.34,-2.63
56.22,-0.2,7.28,7.71,0.04,0.08,0.08,0.05,875.61,28.55,0.0,1125.97,-2.5
56.23,-0.25,7.33,7.7,0.01,0.07,0.05,0.07,878.84,28.54,0.0,1125.71,-2.36
56.24,-0.27,7.39,7.69,-0.0,0.05,0.03,0.09,884.13,28.53,0.0,1125.67,-2.24
56.25,-0.25,7.46,7.71,-0.01,0.03,0.01,0.1,888.21,28.52,0.0,1125.84,-2.16
56.26,-0.19,7.52,7.73,-0.01,0.01,-0.0,0.1,890.36,28.51,0.0,1126.13,-2.15
56.27,-0.12,7.56,7.75,0.0,0.0,-0.01,0.09,892.58,28.52,0.0,1126.37,-2.19
56.28,-0.04,7.56,7.76,0.02,-0.0,-0.02,0.06,896.88,28.52,0.0,1126.43,-2.28
56.29,0.01,7.54,7.76,0.04,0.01,-0.03,0.03,902.4,28.53,0.0,1126.33,-2.41
56.3,0.03,7.5,7.76,0.06,0.02,-0.03,0.0,905.83,28.53,0.0,1126.24,-2.57
56.31,-0.01,7.48,7.78,0.08,0.04,-0.03,-0.02,904.7,28.53,0.0,1126.29,-2.75
56.32,-0.09,7.48,7.8,0.09,0.06,-0.03,-0.03,900.25,28.53,0.0,1126.46,-2.92
56.33,-0.18,7.47,7.81,0.1,0.07,-0.01,-0.02,896.67,28.53,0.0,1126.63,-3.0
56.34,-0.25,7.46,7.81,0.1,0.07,0.03,0.02,897.31,28.53,0.0,1126.71,-2.93
56.35,-0.29,7.43,7.79,0.08,0.07,0.08,0.08,901.92,28.54,0.0,1126.65,-2.75
56.36,-0.29,7.39,7.76,0.06,0.06,0.12,0.14,907.84,28.54,0.0,1126.45,-2.53
56.37,-0.23,7.34,7.74,0.04,0.04,0.14,0.16,912.52,28.54,0.0,1126.14,-2.35
56.38,-0.15,7.3,7.72,0.02,0.03,0.15,0.15,914.56,28.53,0.0,1125.79,-2.23
56.39,-0.06,7.26,7.7,-0.0,0.02,0.16,0.12,913.3,28.52,0.0,1125.53,-2.17
56.4,0.02,7.24,7.68,-0.01,0.01,0.19,0.09,909.0,28.51,0.0,1125.41,-2.14
56.41,0.07,7.22,7.67,-0.01,-0.01,0.24,0.07,903.36,28.5,0.0,1125.42,-2.16
56.42,0.06,7.23,7.66,0.0,-0.02,0.27,0.06,898.73,28.5,0.0,1125.54,-2.24
56.43,0.01,7.24,7.69,0.01,-0.02,0.27,0.07,896.64,28.5,0.0,1125.7,-2.43
56.44,-0.07,7.27,7.73,0.03,-0.01,0.24,0.09,897.03,28.51,0.0,1125.84,-2.67
56.45,-0.14,7.31,7.78,0.04,0.0,0.19,0.11,898.87,28.51,0.0,1125.91,-2.85
56.46,-0.16,7.36,7.81,0.06,0.03,0.12,0.13,901.01,28.51,0.0,1125.88,-2.93
56.47,-0.13,7.4,7.83,0.08,0.05,0.06,0.13,902.8,28.49,0.0,1125.76,-2.89
56.48,-0.09,7.42,7.82,0.09,0.07,0.01,0.13,904.15,28.48,0.0,1125.58,-2.78
56.49,-0.05,7.4,7.8,0.09,0.09,-0.0,0.15,905.26,28.46,0.0,1125.37,-2.65
56.5,-0.04,7.36,7.78,0.08,0.09,0.01,0.17,905.39,28.45,0.0,1125.19,-2.54
56.51,-0.05,7.33,7.76,0.06,0.08,0.02,0.19,902.28,28.45,0.0,1125.09,-2.45
56.52,-0.11,7.32,7.76,0.04,0.07,0.03,0.21,894.53,28.46,0.0,1125.13,-2.4
56.53,-0.17,7.34,7.77,0.02,0.06,0.02,0.22,884.74,28.48,0.0,1125.23,-2.39
56.54,-0.21,7.38,7.79,-0.0,0.05,0.01,0.22,878.58,28.5,0.0,1125.27,-2.41
56.55,-0.21,7.43,7.78,-0.01,0.03,-0.0,0.19,879.95,28.51,0.0,1125.15,-2.46
56.56,-0.17,7.47,7.77,-0.01,0.02,-0.01,0.14,887.27,28.52,0.0,1124.92,-2.54
56.57,-0.12,7.51,7.76,-0.0,0.01,-0.02,0.11,895.1,28.52,0.0,1124.73,-2.62
56.58,-0.08,7.55,7.77,0.01,0.0,-0.02,0.08,898.89,28.51,0.0,1124.7,-2.68
56.59,-0.07,7.57,7.78,0.03,0.0,-0.01,0.08,898.11,28.5,0.0,1124.8,-2.71
56.6,-0.1,7.58,7.79,0.04,0.01,0.01,0.08,895.49,28.5,0.0,1124.85,-2.66
56.61,-0.17,7.58,7.78,0.06,0.03,0.05,0.07,893.93,28.49,0.0,1124.72,-2.51
56.62,-0.26,7.57,7.75,0.08,0.05,0.08,0.06,894.51,28.48,0.0,1124.43,-2.3
56.63,-0.33,7.53,7.72,0.09,0.06,0.1,0.06,896.96,28.48,0.0,1124.08,-2.12
56.64,-0.36,7.46,7.71,0.09,0.07,0.09,0.08,900.46,28.48,0.0,1123.78,-2.01
56.65,-0.33,7.38,7.71,0.08,0.07,0.06,0.12,904.27,28.49,0.0,1123.58,-2.0
56.66,-0.26,7.29,7.71,0.06,0.07,0.05,0.15,908.41,28.49,0.0,1123.47,-2.1
56.67,-0.17,7.19,7.71,0.04,0.06,0.11,0.18,913.03,28.5,0.0,1123.41,-2.29
56.68,-0.09,7.11,7.7,0.01,0.05,0.2,0.19,917.38,28.51,0.0,1123.38,-2.52
56.69,-0.04,7.07,7.7,-0.02,0.04,0.28,0.2,920.02,28.52,0.0,1123.36,-2.74
56.7,-0.04,7.07,7.72,-0.03,0.02,0.29,0.2,920.1,28.53,0.0,1123.36,-2.89
56.71,-0.08,7.13,7.75,-0.04,0.01,0.23,0.2,917.94,28.54,0.0,1123.36,-2.97
56.72,-0.13,7.21,7.8,-0.03,-0.0,0.14,0.18,914.3,28.54,0.0,1123.35,-2.96
56.73,-0.19,7.3,7.86,-0.01,-0.0,0.05,0.15,910.01,28.53,0.0,1123.32,-2.87
56.74,-0.23,7.39,7.92,0.01,0.0,-0.02,0.1,906.18,28.52,0.0,1123.31,-2.72
56.75,-0.21,7.43,7.95,0.04,0.01,-0.06,0.06,904.06,28.5,0.0,1123.41,-2.54
56.76,-0.13,7.42,7.93,0.07,0.03,-0.07,0.04,904.22,28.5,0.0,1123.69,-2.33
56.77,-0.02,7.36,7.88,0.09,0.04,-0.06,0.04,905.25,28.5,0.0,1124.08,-2.13
56.78,0.05,7.28,7.81,0.1,0.06,-0.04,0.06,903.65,28.5,0.0,1124.42,-2.0
56.79,0.04,7.23,7.73,0.1,0.07,-0.02,0.08,897.03,28.51,0.0,1124.62,-1.98
56.8,-0.03,7.19,7.67,0.09,0.08,-0.0,0.11,887.32,28.52,0.0,1124.63,-2.05
56.81,-0.14,7.19,7.62,0.07,0.08,0.01,0.14,879.57,28.53,0.0,1124.48,-2.19
56.82,-0.22,7.21,7.6,0.05,0.07,0.02,0.16,877.49,28.52,0.0,1124.19,-2.39
56.83,-0.27,7.25,7.6,0.02,0.06,0.04,0.19,880.66,28.51,0.0,1123.86,-2.57
56.84,-0.27,7.31,7.61,0.0,0.04,0.05,0.2,885.62,28.5,0.0,1123.66,-2.65
56.85,-0.21,7.38,7.63,-0.01,0.02,0.06,0.22,889.1,28.49,0.0,1123.65,-2.59
56.86,-0.12,7.45,7.65,-0.01,0.01,0.06,0.22,890.27,28.48,0.0,1123.8,-2.41
56.87,-0.06,7.52,7.67,-0.0,-0.0,0.07,0.21,890.57,28.48,0.0,1123.92,-2.22
56.88,-0.05,7.56,7.71,0.01,-0.01,0.09,0.18,891.67,28.49,0.0,1123.91,-2.09
56.89,-0.09,7.58,7.76,0.03,-0.01,0.1,0.14,894.02,28.49,0.0,1123.78,-2.04
56.9,-0.15,7.58,7.81,0.04,-0.0,0.1,0.09,897.3,28.5,0.0,1123.69,-2.08
56.91,-0.21,7.56,7.84,0.07,0.01,0.08,0.07,900.95,28.51,0.0,1123.78,-2.2
56.92,-0.25,7.53,7.86,0.08,0.03,0.04,0.05,904.58,28.51,0.0,1124.04,-2.36
56.93,-0.26,7.5,7.84,0.1,0.05,0.01,0.05,908.5,28.5,0.0,1124.34,-2.51
56.94,-0.23,7.47,7.79,0.1,0.07,0.01,0.06,913.03,28.5,0.0,1124.58,-2.65
56.95,-0.19,7.43,7.71,0.09,0.07,0.02,0.08,917.41,28.5,0.0,1124.72,-2.74
56.96,-0.15,7.38,7.65,0.07,0.07,0.05,0.1,919.92,28.49,0.0,1124.74,-2.76
56.97,-0.13,7.33,7.62,0.05,0.07,0.09,0.11,919.54,28.49,0.0,1124.66,-2.7
56.98,-0.13,7.29,7.62,0.02,0.06,0.12,0.12,916.53,28.49,0.0,1124.55,-2.58
56.99,-0.14,7.27,7.64,0.0,0.05,0.13,0.13,911.61,28.48,0.0,1124.47,-2.42
57.0,-0.16,7.29,7.68,-0.01,0.04,0.12,0.14,905.6,28.47,0.0,1124.45,-2.26
57.01,-0.17,7.32,7.71,-0.01,0.02,0.09,0.16,900.09,28.47,0.0,1124.5,-2.12
57.02,-0.17,7.35,7.74,-0.01,-0.0,0.06,0.18,897.19,28.47,0.0,1124.61,-2.04
57.03,-0.16,7.34,7.76,0.01,-0.01,0.04,0.19,897.98,28.47,0.0,1124.75,-2.02
57.04,-0.14,7.29,7.77,0.02,-0.02,0.04,0.2,900.66,28.47,0.0,1124.86,-2.07
57.05,-0.12,7.24,7.78,0.04,-0.01,0.05,0.2,900.79,28.48,0.0,1124.8,-2.2
57.06,-0.11,7.2,7.79,0.06,0.01,0.07,0.17,895.18,28.48,0.0,1124.49,-2.41
57.07,-0.11,7.19,7.79,0.08,0.04,0.09,0.14,885.76,28.49,0.0,1124.02,-2.67
57.08,-0.13,7.2,7.79,0.09,0.06,0.11,0.11,878.2,28.48,0.0,1123.55,-2.89
57.09,-0.17,7.23,7.78,0.09,0.07,0.12,0.12,876.83,28.48,0.0,1123.21,-3.06
57.1,-0.22,7.27,7.76,0.08,0.07,0.11,0.14,881.14,28.48,0.0,1123.03,-3.14
57.11,-0.25,7.33,7.75,0.07,0.07,0.08,0.18,887.04,28.48,0.0,1122.93,-3.12
57.12,-0.25,7.39,7.73,0.05,0.06,0.04,0.2,890.73,28.48,0.0,1122.82,-3.02
57.13,-0.22,7.46,7.72,0.02,0.05,-0.01,0.2,891.68,28.49,0.0,1122.71,-2.86
57.14,-0.15,7.51,7.72,0.0,0.04,-0.05,0.19,892.56,28.49,0.0,1122.66,-2.68
57.15,-0.06,7.52,7.72,-0.01,0.03,-0.07,0.17,895.9,28.5,0.0,1122.75,-2.49
57.16,0.02,7.5,7.73,-0.01,0.01,-0.07,0.14,901.05,28.5,0.0,1122.94,-2.32
57.17,0.07,7.49,7.74,-0.01,0.01,-0.06,0.12,904.56,28.51,0.0,1123.21,-2.23
57.18,0.04,7.49,7.76,0.01,0.0,-0.03,0.1,903.76,28.51,0.0,1123.48,-2.22
57.19,-0.04,7.51,7.77,0.02,0.01,-0.0,0.09,899.66,28.5,0.0,1123.67,-2.29
57.2,-0.14,7.53,7.78,0.04,0.02,0.02,0.08,896.3,28.5,0.0,1123.68,-2.38
57.21,-0.23,7.56,7.78,0.06,0.03,0.02,0.07,896.96,28.49,0.0,1123.45,-2.48
57.22,-0.28,7.57,7.77,0.08,0.05,0.02,0.06,901.46,28.49,0.0,1123.03,-2.56
57.23,-0.29,7.57,7.77,0.09,0.06,0.03,0.05,907.27,28.49,0.0,1122.56,-2.59
57.24,-0.25,7.55,7.78,0.09,0.07,0.07,0.05,911.96,28.49,0.0,1122.13,-2.58
57.25,-0.18,7.52,7.8,0.08,0.07,0.12,0.06,914.12,28.49,0.0,1121.82,-2.53
57.26,-0.11,7.48,7.82,0.07,0.07,0.17,0.08,913.06,28.49,0.0,1121.69,-2.45
57.27,-0.07,7.43,7.82,0.04,0.06,0.2,0.1,908.97,28.49,0.0,1121.74,-2.35
57.28,-0.06,7.37,7.81,0.02,0.05,0.21,0.13,903.5,28.5,0.0,1121.9,-2.25
57.29,-0.07,7.32,7.79,-0.0,0.04,0.2,0.14,898.99,28.5,0.0,1122.05,-2.21
57.3,-0.11,7.29,7.79,-0.01,0.02,0.18,0.14,896.94,28.51,0.0,1122.12,-2.23
57.31,-0.15,7.28,7.79,-0.02,-0.0,0.15,0.12,897.33,28.51,0.0,1122.08,-2.31
57.32,-0.18,7.29,7.79,-0.01,-0.02,0.11,0.1,899.13,28.51,0.0,1121.95,-2.44
57.33,-0.18,7.32,7.8,-0.0,-0.03,0.08,0.1,901.24,28.51,0.0,1121.76,-2.61
57.34,-0.16,7.36,7.8,0.02,-0.03,0.05,0.1,902.98,28.51,0.0,1121.6,-2.77
57.35,-0.13,7.39,7.79,0.04,-0.02,0.04,0.11,904.29,28.5,0.0,1121.56,-2.83
57.36,-0.09,7.4,7.75,0.06,-0.0,0.03,0.1,905.35,28.5,0.0,1121.7,-2.74
57.37,-0.07,7.4,7.7,0.07,0.02,0.04,0.09,905.37,28.51,0.0,1121.99,-2.53
57.38,-0.08,7.4,7.67,0.09,0.04,0.04,0.08,901.87,28.51,0.0,1122.31,-2.29
57.39,-0.12,7.43,7.67,0.09,0.05,0.05,0.08,893.37,28.52,0.0,1122.59,-2.1
57.4,-0.17,7.46,7.71,0.08,0.06,0.05,0.09,882.72,28.52,0.0,1122.79,-1.98
57.41,-0.21,7.48,7.75,0.07,0.06,0.06,0.11,876.19,28.53,0.0,1122.92,-1.92
57.42,-0.21,7.45,7.77,0.05,0.06,0.08,0.14,878.07,28.52,0.0,1123.0,-1.89
57.43,-0.17,7.39,7.77,0.02,0.06,0.11,0.16,886.57,28.52,0.0,1123.04,-1.89
57.44,-0.12,7.33,7.75,0.0,0.05,0.15,0.16,895.63,28.51,0.0,1122.96,-1.94
57.45,-0.09,7.29,7.72,-0.01,0.04,0.18,0.16,900.18,28.51,0.0,1122.74,-2.07
57.46,-0.07,7.29,7.69,-0.01,0.02,0.19,0.14,899.58,28.5,0.0,1122.42,-2.24
57.47,-0.1,7.34,7.66,-0.0,0.01,0.18,0.12,896.71,28.5,0.0,1122.14,-2.4
57.48,-0.17,7.44,7.64,0.01,0.01,0.14,0.1,894.69,28.5,0.0,1121.98,-2.5
57.49,-0.25,7.56,7.61,0.02,0.01,0.07,0.08,894.82,28.51,0.0,1121.99,-2.53
57.5,-0.31,7.67,7.6,0.04,0.02,0.01,0.07,896.93,28.51,0.0,1122.22,-2.5
57.51,-0.33,7.73,7.62,0.06,0.03,-0.02,0.07,900.24,28.52,0.0,1122.67,-2.42
57.52,-0.29,7.74,7.65,0.08,0.05,-0.04,0.07,904.0,28.52,0.0,1123.21,-2.33
57.53,-0.22,7.7,7.69,0.09,0.07,-0.03,0.07,908.17,28.52,0.0,1123.63,-2.25
57.54,-0.13,7.63,7.73,0.1,0.08,-0.01,0.09,912.88,28.51,0.0,1123.81,-2.2
57.55,-0.05,7.53,7.77,0.09,0.09,0.02,0.11,917.33,28.51,0.0,1123.73,-2.18
57.56,-0.01,7.43,7.78,0.07,0.09,0.05,0.13,920.05,28.5,0.0,1123.48,-2.18
57.57,-0.02,7.33,7.75,0.05,0.08,0.07,0.13,920.17,28.5,0.0,1123.12,-2.21
57.58,-0.07,7.26,7.71,0.02,0.06,0.09,0.14,917.79,28.49,0.0,1122.77,-2.24
57.59,-0.13,7.2,7.66,0.0,0.04,0.1,0.14,913.15,28.49,0.0,1122.52,-2.3
57.6,-0.19,7.16,7.61,-0.01,0.02,0.1,0.16,906.73,28.49,0.0,1122.43,-2.39
57.61,-0.22,7.15,7.57,-0.01,-0.0,0.09,0.17,900.31,28.49,0.0,1122.47,-2.48
57.62,-0.22,7.17,7.56,-0.01,-0.01,0.08,0.18,896.56,28.5,0.0,1122.64,-2.53
57.63,-0.17,7.22,7.57,0.0,-0.01,0.05,0.16,896.99,28.5,0.0,1122.9,-2.52
57.64,-0.11,7.29,7.6,0.02,-0.0,0.01,0.12,899.87,28.5,0.0,1123.15,-2.46
57.65,-0.06,7.36,7.65,0.04,0.01,-0.02,0.09,900.55,28.51,0.0,1123.18,-2.43
57.66,-0.07,7.42,7.73,0.06,0.03,-0.04,0.08,895.64,28.51,0.0,1122.89,-2.46
57.67,-0.11,7.45,7.82,0.08,0.05,-0.05,0.09,886.71,28.51,0.0,1122.36,-2.55
57.68,-0.17,7.44,7.88,0.09,0.06,-0.04,0.1,879.06,28.51,0.0,1121.75,-2.63
57.69,-0.24,7.38,7.9,0.09,0.08,-0.03,0.1,876.82,28.51,0.0,1121.2,-2.66
57.7,-0.28,7.3,7.87,0.09,0.09,-0.01,0.08,879.85,28.5,0.0,1120.8,-2.64
57.71,-0.28,7.23,7.82,0.07,0.09,0.01,0.07,884.8,28.49,0.0,1120.65,-2.64
57.72,-0.24,7.19,7.76,0.05,0.09,0.01,0.09,888.43,28.49,0.0,1120.75,-2.7
57.73,-0.19,7.2,7.71,0.03,0.08,-0.0,0.12,890.12,28.48,0.0,1121.0,-2.81
57.74,-0.13,7.24,7.69,0.01,0.06,-0.01,0.16,892.02,28.48,0.0,1121.24,-2.9
57.75,-0.1,7.32,7.69,-0.0,0.04,-0.01,0.19,896.22,28.48,0.0,1121.36,-2.9
57.76,-0.09,7.42,7.73,-0.01,0.01,0.01,0.19,902.33,28.49,0.0,1121.36,-2.81
57.77,-0.11,7.53,7.76,-0.01,-0.01,0.03,0.19,908.25,28.5,0.0,1121.38,-2.65
57.78,-0.14,7.64,7.79,0.0,-0.02,0.05,0.18,912.24,28.5,0.0,1121.52,-2.47
57.79,-0.18,7.73,7.81,0.02,-0.01,0.07,0.18,914.18,28.5,0.0,1121.73,-2.3
57.8,-0.21,7.77,7.81,0.03,-0.0,0.08,0.16,915.59,28.5,0.0,1121.77,-2.19
57.81,-0.2,7.75,7.82,0.05,0.02,0.09,0.13,917.95,28.5,0.0,1121.49,-2.17
57.82,-0.18,7.67,7.82,0.07,0.04,0.09,0.09,921.02,28.49,0.0,1120.96,-2.22
57.83,-0.14,7.55,7.81,0.08,0.06,0.09,0.06,923.15,28.49,0.0,1120.4,-2.32
57.84,-0.11,7.4,7.79,0.09,0.08,0.09,0.05,923.02,28.49,0.0,1120.02,-2.46
57.85,-0.08,7.24,7.76,0.08,0.09,0.08,0.06,920.44,28.5,0.0,1119.87,-2.59
57.86,-0.06,7.13,7.72,0.07,0.09,0.07,0.09,915.47,28.51,0.0,1119.97,-2.68
57.87,-0.07,7.09,7.69,0.05,0.09,0.05,0.13,908.57,28.52,0.0,1120.27,-2.72
57.88,-0.08,7.1,7.66,0.03,0.08,0.01,0.16,901.47,28.52,0.0,1120.62,-2.71
57.89,-0.09,7.13,7.65,0.01,0.06,-0.02,0.19,896.59,28.52,0.0,1120.84,-2.64
57.9,-0.1,7.15,7.68,-0.0,0.04,-0.04,0.2,895.32,28.52,0.0,1120.83,-2.53
57.91,-0.1,7.15,7.72,-0.01,0.02,-0.04,0.19,897.08,28.52,0.0,1120.63,-2.4
57.92,-0.09,7.15,7.77,-0.01,0.01,-0.04,0.17,900.04,28.52,0.0,1120.39,-2.31
57.93,-0.07,7.17,7.8,-0.0,0.0,-0.05,0.14,902.55,28.52,0.0,1120.23,-2.28
57.94,-0.05,7.2,7.83,0.01,0.0,-0.07,0.12,903.97,28.52,0.0,1120.2,-2.3
57.95,-0.06,7.24,7.84,0.03,0.01,-0.08,0.1,904.62,28.52,0.0,1120.32,-2.35
57.96,-0.09,7.27,7.83,0.05,0.03,-0.08,0.08,905.09,28.52,0.0,1120.57,-2.4
57.97,-0.13,7.29,7.82,0.07,0.05,-0.06,0.06,905.23,28.52,0.0,1120.86,-2.44
57.98,-0.17,7.3,7.81,0.09,0.06,-0.03,0.05,903.86,28.52,0.0,1121.15,-2.46
57.99,-0.19,7.29,7.8,0.09,0.08,0.01,0.05,900.2,28.52,0.0,1121.37,-2.48
58.0,-0.19,7.28,7.8,0.08,0.09,0.04,0.06,895.58,28.52,0.0,1121.51,-2.48
58.01,-0.15,7.29,7.79,0.07,0.09,0.05,0.08,893.14,28.53,0.0,1121.56,-2.44
58.02,-0.09,7.33,7.75,0.05,0.09,0.04,0.11,895.06,28.53,0.0,1121.53,-2.36
58.03,-0.03,7.41,7.71,0.03,0.08,0.01,0.13,900.02,28.53,0.0,1121.45,-2.24
58.04,0.01,7.49,7.68,0.01,0.06,-0.02,0.15,904.09,28.53,0.0,1121.38,-2.1
58.05,-0.0,7.58,7.68,-0.01,0.04,-0.05,0.15,904.18,28.53,0.0,1121.32,-1.97
58.06,-0.05,7.64,7.71,-0.01,0.02,-0.07,0.14,900.96,28.53,0.0,1121.3,-1.87
58.07,-0.13,7.65,7.74,-0.01,0.01,-0.09,0.12,898.23,28.52,0.0,1121.29,-1.85
58.08,-0.21,7.62,7.76,-0.0,-0.0,-0.11,0.09,899.17,28.52,0.0,1121.27,-1.93
58.09,-0.27,7.55,7.77,0.01,-0.01,-0.13,0.06,903.64,28.52,0.0,1121.24,-2.08
58.1,-0.3,7.47,7.75,0.03,-0.0,-0.13,0.04,909.15,28.52,0.0,1121.22,-2.28
58.11,-0.29,7.39,7.71,0.05,0.01,-0.08,0.05,913.37,28.52,0.0,1121.24,-2.49
58.12,-0.24,7.33,7.66,0.07,0.03,-0.01,0.08,915.04,28.53,0.0,1121.27,-2.66
58.13,-0.18,7.27,7.63,0.08,0.04,0.05,0.1,913.55,28.53,0.0,1121.24,-2.72
58.14,-0.14,7.21,7.64,0.08,0.06,0.08,0.11,909.18,28.53,0.0,1121.11,-2.64
58.15,-0.11,7.14,7.68,0.07,0.08,0.07,0.1,903.58,28.53,0.0,1120.89,-2.46
58.16,-0.11,7.11,7.72,0.06,0.09,0.04,0.09,899.02,28.52,0.0,1120.59,-2.27
58.17,-0.13,7.11,7.74,0.03,0.08,0.0,0.09,896.97,28.52,0.0,1120.25,-2.12
58.18,-0.17,7.16,7.74,0.01,0.07,-0.03,0.11,897.38,28.52,0.0,1119.92,-2.04
58.19,-0.2,7.21,7.73,-0.01,0.05,-0.04,0.12,899.27,28.51,0.0,1119.69,-2.06
58.2,-0.2,7.26,7.72,-0.02,0.03,-0.03,0.12,901.54,28.51,0.0,1119.59,-2.16
58.21,-0.18,7.29,7.71,-0.02,0.01,-0.0,0.12,903.52,28.51,0.0,1119.66,-2.32
58.22,-0.14,7.28,7.71,-0.01,-0.0,0.01,0.1,905.08,28.51,0.0,1119.92,-2.48
58.23,-0.08,7.25,7.71,-0.0,-0.0,0.01,0.08,906.36,28.51,0.0,1120.39,-2.62
58.24,-0.03,7.21,7.69,0.01,0.01,-0.0,0.06,906.51,28.52,0.0,1120.91,-2.73
58.25,-0.0,7.19,7.69,0.03,0.02,-0.03,0.06,903.0,28.52,0.0,1121.27,-2.8
58.26,-0.03,7.22,7.7,0.06,0.03,-0.04,0.07,894.3,28.52,0.0,1121.3,-2.84
58.27,-0.08,7.29,7.72,0.08,0.04,-0.04,0.09,883.33,28.51,0.0,1121.04,-2.84
58.28,-0.14,7.37,7.74,0.1,0.05,-0.01,0.12,876.42,28.51,0.0,1120.63,-2.77
58.29,-0.17,7.42,7.74,0.1,0.07,0.05,0.13,877.91,28.5,0.0,1120.19,-2.6
58.3,-0.17,7.45,7.74,0.09,0.08,0.12,0.13,886.08,28.5,0.0,1119.83,-2.38
58.31,-0.15,7.47,7.73,0.07,0.08,0.17,0.13,894.96,28.49,0.0,1119.58,-2.23
58.32,-0.11,7.5,7.74,0.05,0.08,0.2,0.13,899.53,28.49,0.0,1119.42,-2.21
58.33,-0.08,7.55,7.75,0.03,0.08,0.19,0.13,899.09,28.49,0.0,1119.35,-2.32
58.34,-0.07,7.57,7.77,0.02,0.06,0.18,0.13,896.44,28.5,0.0,1119.37,-2.49
58.35,-0.11,7.57,7.78,0.0,0.04,0.18,0.13,894.64,28.5,0.0,1119.48,-2.65
58.36,-0.18,7.53,7.78,-0.0,0.02,0.2,0.13,894.96,28.5,0.0,1119.63,-2.77
58.37,-0.24,7.49,7.79,-0.0,0.01,0.2,0.11,897.25,28.51,0.0,1119.73,-2.81
58.38,-0.26,7.48,7.81,0.0,0.0,0.16,0.08,900.76,28.51,0.0,1119.74,-2.77
58.39,-0.26,7.49,7.83,0.01,0.0,0.11,0.04,904.72,28.52,0.0,1119.66,-2.69
58.4,-0.21,7.53,7.84,0.03,0.01,0.05,0.0,908.99,28.52,0.0,1119.52,-2.58
58.41,-0.15,7.57,7.85,0.05,0.02,-0.01,-0.01,913.64,28.51,0.0,1119.34,-2.47
58.42,-0.08,7.61,7.85,0.07,0.04,-0.05,-0.01,917.91,28.5,0.0,1119.18,-2.38
58.43,-0.04,7.61,7.84,0.09,0.05,-0.06,0.01,920.39,28.49,0.0,1119.12,-2.32
58.44,-0.03,7.55,7.82,0.09,0.06,-0.06,0.06,920.26,28.49,0.0,1119.18,-2.29
58.45,-0.05,7.46,7.79,0.09,0.07,-0.04,0.11,917.69,28.49,0.0,1119.34,-2.3
58.46,-0.1,7.36,7.76,0.08,0.08,0.0,0.15,912.94,28.5,0.0,1119.58,-2.38
58.47,-0.16,7.26,7.73,0.06,0.07,0.06,0.17,906.51,28.51,0.0,1119.86,-2.51
58.48,-0.21,7.19,7.7,0.04,0.06,0.13,0.18,900.13,28.52,0.0,1120.11,-2.68
58.49,-0.22,7.15,7.68,0.02,0.04,0.18,0.16,896.4,28.52,0.0,1120.25,-2.8
58.5,-0.19,7.14,7.67,-0.0,0.02,0.21,0.13,896.78,28.51,0.0,1120.22,-2.83
58.51,-0.12,7.16,7.67,-0.02,0.0,0.21,0.1,899.54,28.51,0.0,1120.05,-2.77
58.52,-0.06,7.21,7.67,-0.02,-0.01,0.18,0.06,900.02,28.5,0.0,1119.74,-2.67
58.53,-0.05,7.29,7.67,-0.01,-0.02,0.12,0.04,894.84,28.5,0.0,1119.33,-2.56
58.54,-0.08,7.37,7.67,-0.0,-0.02,0.04,0.03,885.66,28.5,0.0,1118.92,-2.47
58.55,-0.13,7.45,7.68,0.02,-0.01,-0.01,0.03,877.89,28.5,0.0,1118.68,-2.41
58.56,-0.19,7.52,7.73,0.04,0.01,-0.05,0.03,875.74,28.5,0.0,1118.72,-2.36
58.57,-0.25,7.57,7.78,0.06,0.03,-0.05,0.04,879.0,28.5,0.0,1118.97,-2.33
58.58,-0.27,7.59,7.83,0.08,0.05,-0.03,0.06,884.23,28.5,0.0,1119.33,-2.33
58.59,-0.25,7.6,7.84,0.08,0.07,0.01,0.07,888.1,28.5,0.0,1119.68,-2.38
58.6,-0.21,7.59,7.81,0.08,0.09,0.05,0.08,889.95,28.51,0.0,1119.94,-2.46
58.61,-0.16,7.56,7.77,0.07,0.1,0.09,0.1,891.94,28.52,0.0,1120.1,-2.57
58.62,-0.11,7.5,7.72,0.05,0.09,0.1,0.11,896.17,28.53,0.0,1120.17,-2.71
58.63,-0.07,7.43,7.69,0.03,0.08,0.1,0.12,901.78,28.53,0.0,1120.16,-2.84
58.64,-0.06,7.38,7.69,0.01,0.07,0.07,0.13,905.36,28.53,0.0,1120.09,-2.89
58.65,-0.09,7.37,7.71,-0.01,0.04,0.04,0.13,904.34,28.53,0.0,1119.95,-2.84
58.66,-0.14,7.39,7.75,-0.01,0.02,-0.0,0.12,899.94,28.53,0.0,1119.79,-2.69
58.67,-0.19,7.45,7.77,-0.01,0.01,-0.02,0.11,896.39,28.53,0.0,1119.71,-2.49
58.68,-0.21,7.51,7.75,-0.0,-0.0,-0.01,0.11,897.1,28.53,0.0,1119.74,-2.25
58.69,-0.21,7.58,7.71,0.01,-0.01,0.02,0.1,901.82,28.52,0.0,1119.87,-2.04
58.7,-0.18,7.62,7.68,0.03,-0.0,0.05,0.1,907.84,28.52,0.0,1120.02,-1.94
58.71,-0.14,7.62,7.67,0.05,0.01,0.08,0.1,912.6,28.53,0.0,1120.13,-1.99
58.72,-0.08,7.59,7.7,0.06,0.02,0.11,0.11,914.69,28.53,0.0,1120.17,-2.15
58.73,-0.04,7.52,7.74,0.08,0.04,0.12,0.12,913.46,28.53,0.0,1120.13,-2.36
58.74,-0.03,7.43,7.77,0.08,0.06,0.12,0.11,909.18,28.53,0.0,1120.02,-2.59
58.75,-0.04,7.33,7.78,0.08,0.08,0.13,0.09,903.56,28.52,0.0,1119.84,-2.76
58.76,-0.06,7.24,7.77,0.07,0.09,0.13,0.09,898.96,28.52,0.0,1119.58,-2.84
58.77,-0.1,7.17,7.75,0.06,0.09,0.14,0.11,896.88,28.53,0.0,1119.23,-2.81
58.78,-0.13,7.13,7.73,0.04,0.08,0.16,0.15,897.27,28.53,0.0,1118.85,-2.7
58.79,-0.15,7.13,7.72,0.02,0.07,0.18,0.19,899.11,28.54,0.0,1118.53,-2.54
58.8,-0.13,7.18,7.71,0.01,0.04,0.2,0.2,901.26,28.55,0.0,1118.34,-2.38
58.81,-0.11,7.24,7.72,-0.0,0.02,0.21,0.19,903.04,28.56,0.0,1118.3,-2.25
58.82,-0.08,7.32,7.72,-0.0,-0.0,0.19,0.16,904.37,28.56,0.0,1118.42,-2.16
58.83,-0.07,7.39,7.73,-0.0,-0.01,0.13,0.13,905.42,28.55,0.0,1118.72,-2.11
58.84,-0.08,7.44,7.74,0.01,-0.0,0.05,0.11,905.46,28.55,0.0,1119.08,-2.11
58.85,-0.11,7.48,7.75,0.03,0.01,-0.04,0.09,902.24,28.54,0.0,1119.38,-2.2
58.86,-0.13,7.51,7.76,0.05,0.03,-0.11,0.08,894.39,28.53,0.0,1119.54,-2.39
58.87,-0.16,7.53,7.77,0.07,0.04,-0.17,0.07,884.52,28.53,0.0,1119.55,-2.63
58.88,-0.16,7.54,7.78,0.09,0.06,-0.19,0.07,878.32,28.53,0.0,1119.49,-2.81
58.89,-0.12,7.54,7.78,0.09,0.08,-0.17,0.08,879.69,28.52,0.0,1119.4,-2.87
58.9,-0.07,7.53,7.76,0.09,0.09,-0.12,0.1,887.04,28.52,0.0,1119.32,-2.8
58.91,-0.03,7.5,7.74,0.08,0.1,-0.07,0.13,894.91,28.52,0.0,1119.16,-2.64
58.92,-0.04,7.46,7.71,0.06,0.09,-0.01,0.15,898.72,28.51,0.0,1118.89,-2.44
58.93,-0.08,7.43,7.68,0.05,0.08,0.03,0.16,897.95,28.51,0.0,1118.56,-2.25
58.94,-0.15,7.41,7.64,0.03,0.06,0.04,0.17,895.34,28.5,0.0,1118.31,-2.14
58.95,-0.24,7.41,7.6,0.01,0.04,0.03,0.17,893.8,28.5,0.0,1118.25,-2.13
58.96,-0.31,7.44,7.57,-0.0,0.02,0.01,0.17,894.42,28.51,0.0,1118.37,-2.21
58.97,-0.34,7.48,7.55,-0.01,-0.0,-0.03,0.16,896.92,28.51,0.0,1118.57,-2.36
58.98,-0.31,7.53,7.56,-0.0,-0.01,-0.05,0.14,900.46,28.52,0.0,1118.78,-2.57
58.99,-0.24,7.56,7.6,0.01,-0.0,-0.06,0.13,904.32,28.52,0.0,1118.93,-2.79
59.0,-0.15,7.56,7.65,0.02,0.01,-0.06,0.12,908.48,28.53,0.0,1119.0,-2.95
59.01,-0.05,7.5,7.7,0.04,0.02,-0.06,0.1,913.1,28.53,0.0,1118.96,-3.02
59.02,0.02,7.41,7.74,0.07,0.04,-0.05,0.1,917.45,28.52,0.0,1118.89,-3.0
59.03,0.04,7.32,7.75,0.08,0.06,-0.04,0.09,920.08,28.52,0.0,1118.86,-2.9
59.04,0.0,7.26,7.75,0.09,0.07,-0.02,0.1,920.12,28.51,0.0,1118.95,-2.73
59.05,-0.08,7.23,7.74,0.09,0.08,-0.01,0.1,917.91,28.51,0.0,1119.13,-2.54
59.06,-0.17,7.23,7.71,0.08,0.09,0.01,0.12,914.25,28.51,0.0,1119.33,-2.37
59.07,-0.24,7.24,7.66,0.06,0.09,0.01,0.16,909.95,28.51,0.0,1119.47,-2.27
59.08,-0.27,7.25,7.62,0.04,0.08,0.01,0.21,906.2,28.51,0.0,1119.53,-2.23
59.09,-0.24,7.25,7.6,0.02,0.06,0.0,0.24,904.34,28.52,0.0,1119.48,-2.26
59.1,-0.17,7.23,7.64,0.01,0.04,0.01,0.27,905.01,28.52,0.0,1119.33,-2.34
59.11,-0.06,7.21,7.7,-0.01,0.02,0.01,0.28,906.59,28.52,0.0,1119.1,-2.45
59.12,0.01,7.21,7.78,-0.01,0.01,-0.0,0.27,905.17,28.52,0.0,1118.76,-2.59
59.13,0.02,7.25,7.83,-0.01,-0.0,-0.03,0.25,898.06,28.52,0.0,1118.27,-2.74
59.14,-0.03,7.32,7.85,0.0,-0.01,-0.08,0.23,887.38,28.52,0.0,1117.74,-2.88
59.15,-0.11,7.4,7.85,0.02,-0.0,-0.1,0.2,878.65,28.52,0.0,1117.35,-2.93
59.16,-0.18,7.45,7.85,0.04,0.01,-0.09,0.16,876.0,28.52,0.0,1117.2,-2.85
59.17,-0.23,7.48,7.85,0.06,0.03,-0.04,0.13,879.06,28.51,0.0,1117.28,-2.69
59.18,-0.23,7.49,7.85,0.08,0.05,0.03,0.1,884.27,28.51,0.0,1117.51,-2.51
59.19,-0.2,7.5,7.85,0.09,0.07,0.09,0.07,888.16,28.51,0.0,1117.79,-2.37
59.2,-0.15,7.52,7.84,0.09,0.08,0.13,0.06,889.73,28.52,0.0,1118.06,-2.29
59.21,-0.11,7.52,7.82,0.08,0.09,0.13,0.07,890.34,28.52,0.0,1118.32,-2.3
59.22,-0.11,7.5,7.81,0.06,0.1,0.09,0.1,891.64,28.53,0.0,1118.57,-2.39
59.23,-0.15,7.47,7.8,0.05,0.09,0.03,0.15,894.08,28.53,0.0,1118.81,-2.54
59.24,-0.2,7.44,7.78,0.03,0.08,-0.03,0.21,897.39,28.54,0.0,1118.98,-2.7
59.25,-0.24,7.43,7.76,0.01,0.06,-0.06,0.27,901.06,28.54,0.0,1119.03,-2.86
59.26,-0.26,7.44,7.73,-0.01,0.04,-0.06,0.31,904.7,28.54,0.0,1119.0,-2.99
59.27,-0.25,7.46,7.72,-0.01,0.02,-0.02,0.33,908.63,28.54,0.0,1118.9,-2.99
59.28,-0.2,7.5,7.73,-0.01,0.0,0.04,0.29,913.18,28.54,0.0,1118.77,-2.82
59.29,-0.13,7.53,7.76,-0.0,-0.0,0.11,0.22,917.56,28.54,0.0,1118.65,-2.55
59.3,-0.08,7.54,7.8,0.02,-0.0,0.16,0.13,920.05,28.54,0.0,1118.56,-2.27
59.31,-0.06,7.51,7.82,0.04,0.01,0.18,0.05,919.6,28.54,0.0,1118.52,-2.06
59.32,-0.07,7.47,7.82,0.06,0.03,0.16,-0.01,916.53,28.55,0.0,1118.5,-1.96
59.33,-0.1,7.42,7.8,0.08,0.05,0.13,-0.02,911.55,28.54,0.0,1118.45,-1.96
59.34,-0.13,7.39,7.79,0.09,0.07,0.09,0.0,905.51,28.54,0.0,1118.33,-2.06
59.35,-0.16,7.38,7.76,0.09,0.09,0.07,0.06,899.99,28.54,0.0,1118.16,-2.21
59.36,-0.17,7.35,7.73,0.08,0.1,0.05,0.11,897.01,28.53,0.0,1117.95,-2.38
59.37,-0.16,7.29,7.68,0.06,0.1,0.05,0.16,897.58,28.53,0.0,1117.71,-2.53
59.38,-0.14,7.2,7.64,0.05,0.09,0.05,0.19,899.98,28.53,0.0,1117.49,-2.65
59.39,-0.12,7.12,7.61,0.03,0.07,0.05,0.2,899.89,28.53,0.0,1117.27,-2.7
59.4,-0.11,7.07,7.63,0.02,0.05,0.05,0.22,894.27,28.54,0.0,1117.06,-2.68
59.41,-0.11,7.06,7.67,0.0,0.02,0.05,0.22,884.92,28.55,0.0,1116.92,-2.61
59.42,-0.12,7.11,7.74,0.0,0.01,0.05,0.2,877.28,28.56,0.0,1117.04,-2.48
59.43,-0.15,7.21,7.79,0.0,0.0,0.05,0.15,875.5,28.56,0.0,1117.53,-2.31
59.44,-0.19,7.34,7.84,0.02,0.0,0.04,0.07,879.17,28.56,0.0,1118.24,-2.14
59.45,-0.21,7.47,7.87,0.03,0.01,0.03,0.01,884.56,28.55,0.0,1118.94,-1.99
59.46,-0.19,7.59,7.89,0.05,0.02,0.02,-0.01,888.15,28.54,0.0,1119.42,-1.9
59.47,-0.16,7.68,7.89,0.07,0.02,0.0,0.01,889.45,28.54,0.0,1119.62,-1.87
59.48,-0.1,7.71,7.88,0.08,0.03,-0.01,0.05,891.07,28.54,0.0,1119.56,-1.93
59.49,-0.04,7.68,7.85,0.09,0.04,-0.01,0.09,895.47,28.54,0.0,1119.32,-2.07
59.5,0.0,7.62,7.79,0.09,0.06,-0.0,0.13,901.68,28.54,0.0,1118.99,-2.25
59.51,0.01,7.54,7.74,0.08,0.07,0.0,0.15,905.87,28.53,0.0,1118.59,-2.41
59.52,-0.03,7.46,7.71,0.06,0.08,0.01,0.17,905.13,28.52,0.0,1118.15,-2.5
59.53,-0.11,7.4,7.7,0.04,0.08,0.0,0.18,900.58,28.51,0.0,1117.75,-2.52
59.54,-0.19,7.37,7.69,0.02,0.07,0.01,0.19,896.63,28.5,0.0,1117.5,-2.46
59.55,-0.25,7.37,7.69,-0.0,0.06,0.03,0.19,896.82,28.48,0.0,1117.46,-2.34
59.56,-0.27,7.38,7.68,-0.02,0.04,0.07,0.19,901.19,28.48,0.0,1117.6,-2.2
59.57,-0.25,7.43,7.67,-0.04,0.02,0.1,0.18,907.4,28.47,0.0,1117.81,-2.13
59.58,-0.19,7.49,7.66,-0.04,0.0,0.1,0.17,913.06,28.47,0.0,1118.0,-2.16
59.59,-0.1,7.55,7.65,-0.02,-0.0,0.09,0.16,916.4,28.48,0.0,1118.11,-2.29
59.6,-0.03,7.58,7.67,-0.0,-0.0,0.05,0.15,916.04,28.48,0.0,1118.08,-2.42
59.61,0.01,7.56,7.72,0.02,0.01,0.01,0.12,911.71,28.48,0.0,1117.92,-2.51
59.62,0.01,7.5,7.79,0.05,0.02,-0.02,0.09,905.26,28.49,0.0,1117.69,-2.54
59.63,-0.03,7.41,7.85,0.08,0.04,-0.05,0.06,899.55,28.49,0.0,1117.58,-2.55
59.64,-0.1,7.32,7.89,0.09,0.06,-0.05,0.05,896.59,28.49,0.0,1117.7,-2.59
59.65,-0.16,7.25,7.91,0.09,0.08,-0.03,0.06,896.53,28.49,0.0,1118.0,-2.65
59.66,-0.21,7.2,7.89,0.08,0.09,-0.0,0.08,898.32,28.48,0.0,1118.4,-2.67
59.67,-0.22,7.17,7.84,0.07,0.09,0.04,0.11,900.69,28.48,0.0,1118.8,-2.6
59.68,-0.2,7.16,7.76,0.05,0.08,0.09,0.15,902.78,28.49,0.0,1119.13,-2.47
59.69,-0.16,7.17,7.7,0.04,0.07,0.12,0.17,904.38,28.49,0.0,1119.38,-2.31
59.7,-0.12,7.17,7.68,0.02,0.05,0.14,0.17,905.59,28.48,0.0,1119.56,-2.18
59.71,-0.09,7.19,7.69,-0.0,0.03,0.13,0.17,905.62,28.47,0.0,1119.64,-2.1
59.72,-0.08,7.24,7.72,-0.01,0.01,0.12,0.15,902.05,28.46,0.0,1119.51,-2.08
59.73,-0.1,7.34,7.77,-0.01,0.0,0.09,0.13,893.43,28.47,0.0,1119.14,-2.13
59.74,-0.14,7.46,7.82,0.0,-0.0,0.07,0.1,882.67,28.48,0.0,1118.61,-2.24
59.75,-0.16,7.56,7.86,0.02,0.0,0.04,0.08,876.09,28.49,0.0,1118.07,-2.41
59.76,-0.15,7.58,7.87,0.04,0.02,0.02,0.06,877.97,28.49,0.0,1117.66,-2.66
59.77,-0.12,7.55,7.86,0.06,0.03,-0.01,0.05,886.51,28.49,0.0,1117.41,-2.92
59.78,-0.08,7.48,7.83,0.08,0.05,-0.01,0.04,895.62,28.49,0.0,1117.32,-3.11
59.79,-0.07,7.41,7.79,0.09,0.07,0.02,0.04,900.22,28.48,0.0,1117.36,-3.17
59.8,-0.08,7.35,7.74,0.08,0.08,0.07,0.05,899.64,28.47,0.0,1117.47,-3.11
59.81,-0.14,7.34,7.7,0.08,0.09,0.13,0.06,896.8,28.47,0.0,1117.64,-2.96
59.82,-0.22,7.37,7.69,0.06,0.09,0.17,0.07,894.84,28.48,0.0,1117.84,-2.77
59.83,-0.31,7.44,7.7,0.04,0.08,0.2,0.08,895.07,28.49,0.0,1118.04,-2.6
59.84,-0.37,7.51,7.72,0.02,0.06,0.19,0.08,897.35,28.5,0.0,1118.18,-2.49
59.85,-0.37,7.57,7.73,0.01,0.04,0.15,0.09,900.89,28.51,0.0,1118.22,-2.46
59.86,-0.31,7.61,7.74,-0.01,0.02,0.09,0.1,904.88,28.51,0.0,1118.2,-2.49
59.87,-0.21,7.62,7.74,-0.02,0.01,0.04,0.1,909.19,28.51,0.0,1118.23,-2.54
59.88,-0.1,7.61,7.74,-0.02,0.0,0.01,0.1,913.85,28.51,0.0,1118.38,-2.57
59.89,0.01,7.59,7.72,-0.01,0.0,0.01,0.08,918.11,28.51,0.0,1118.63,-2.57
59.9,0.07,7.55,7.7,0.01,0.01,0.03,0.07,920.54,28.5,0.0,1118.9,-2.54
59.91,0.07,7.49,7.69,0.03,0.02,0.06,0.06,920.32,28.5,0.0,1119.1,-2.51
59.92,0.01,7.41,7.68,0.06,0.03,0.08,0.06,917.66,28.49,0.0,1119.19,-2.49
59.93,-0.08,7.33,7.68,0.07,0.05,0.09,0.08,912.87,28.49,0.0,1119.08,-2.44
59.94,-0.17,7.26,7.7,0.08,0.07,0.11,0.1,906.48,28.49,0.0,1118.77,-2.37
59.95,-0.24,7.2,7.74,0.09,0.08,0.12,0.12,900.18,28.5,0.0,1118.32,-2.28
59.96,-0.26,7.17,7.78,0.08,0.09,0.13,0.16,896.38,28.5,0.0,1117.85,-2.19
59.97,-0.22,7.15,7.81,0.07,0.09,0.13,0.2,896.44,28.5,0.0,1117.46,-2.13
59.98,-0.15,7.15,7.82,0.05,0.08,0.12,0.25,898.79,28.5,0.0,1117.16,-2.1
59.99,-0.09,7.18,7.82,0.04,0.07,0.1,0.27,899.21,28.49,0.0,1116.94,-2.12
60.0,-0.07,7.22,7.81,0.02,0.04,0.05,0.27,894.62,28.5,0.0,1116.72,-2.19
60.01,-0.11,7.27,7.78,-0.0,0.02,-0.0,0.24,886.49,28.5,0.0,1116.58,-2.27
60.02,-0.16,7.31,7.76,-0.01,-0.0,-0.05,0.21,879.68,28.5,0.0,1116.7,-2.36
60.03,-0.22,7.32,7.75,-0.01,-0.01,-0.07,0.17,877.99,28.51,0.0,1117.2,-2.42
60.04,-0.25,7.32,7.75,-0.0,-0.01,-0.07,0.14,881.16,28.51,0.0,1117.94,-2.45
60.05,-0.25,7.31,7.75,0.01,-0.01,-0.04,0.12,885.89,28.51,0.0,1118.65,-2.41
60.06,-0.22,7.31,7.75,0.04,0.0,0.0,0.1,889.08,28.51,0.0,1119.11,-2.29
60.07,-0.16,7.32,7.75,0.06,0.02,0.05,0.09,890.27,28.51,0.0,1119.26,-2.12
60.08,-0.11,7.36,7.76,0.07,0.03,0.09,0.07,891.78,28.51,0.0,1119.13,-1.97
60.09,-0.09,7.41,7.77,0.08,0.05,0.12,0.06,895.78,28.5,0.0,1118.81,-1.88
60.1,-0.11,7.46,7.78,0.09,0.07,0.13,0.06,901.84,28.5,0.0,1118.43,-1.88
60.11,-0.14,7.52,7.79,0.08,0.08,0.11,0.06,907.85,28.5,0.0,1118.13,-1.92
60.12,-0.2,7.58,7.79,0.07,0.08,0.08,0.06,911.98,28.49,0.0,1117.96,-1.99
60.13,-0.25,7.62,7.77,0.06,0.08,0.05,0.08,914.07,28.49,0.0,1117.94,-2.07
60.14,-0.27,7.63,7.76,0.04,0.06,0.03,0.1,915.62,28.48,0.0,1118.02,-2.17
60.15,-0.27,7.6,7.75,0.02,0.04,0.06,0.14,918.08,28.49,0.0,1118.15,-2.29
60.16,-0.23,7.53,7.75,0.0,0.02,0.11,0.17,921.23,28.49,0.0,1118.26,-2.43
60.17,-0.18,7.44,7.75,-0.01,-0.0,0.15,0.2,923.37,28.5,0.0,1118.25,-2.53
60.18,-0.13,7.35,7.76,-0.01,-0.01,0.16,0.2,923.2,28.5,0.0,1118.09,-2.57
60.19,-0.09,7.26,7.76,-0.0,-0.01,0.13,0.18,920.59,28.5,0.0,1117.81,-2.56
60.2,-0.08,7.22,7.76,0.02,-0.01,0.08,0.15,915.8,28.5,0.0,1117.49,-2.49
60.21,-0.07,7.22,7.77,0.04,0.0,0.05,0.11,909.38,28.51,0.0,1117.18,-2.39
60.22,-0.09,7.25,7.78,0.06,0.02,0.03,0.08,902.88,28.51,0.0,1116.97,-2.29
60.23,-0.11,7.28,7.78,0.08,0.04,0.02,0.06,898.26,28.51,0.0,1116.99,-2.21
60.24,-0.14,7.28,7.77,0.09,0.06,0.02,0.06,896.56,28.51,0.0,1117.28,-2.18
60.25,-0.17,7.25,7.76,0.09,0.08,0.03,0.07,897.38,28.5,0.0,1117.75,-2.2
60.26,-0.18,7.2,7.73,0.09,0.09,0.04,0.09,899.38,28.49,0.0,1118.21,-2.3
60.27,-0.16,7.16,7.7,0.07,0.1,0.06,0.12,901.32,28.49,0.0,1118.53,-2.47
60.28,-0.14,7.15,7.67,0.06,0.09,0.09,0.15,902.72,28.5,0.0,1118.67,-2.67
60.29,-0.12,7.15,7.64,0.04,0.08,0.11,0.17,903.99,28.5,0.0,1118.66,-2.8
60.3,-0.12,7.16,7.63,0.02,0.05,0.11,0.17,905.65,28.5,0.0,1118.57,-2.79
60.31,-0.15,7.19,7.62,0.01,0.03,0.09,0.16,907.11,28.5,0.0,1118.43,-2.67
60.32,-0.18,7.23,7.62,-0.0,0.01,0.06,0.13,906.45,28.49,0.0,1118.19,-2.51
60.33,-0.18,7.28,7.63,-0.01,-0.01,0.03,0.09,902.43,28.49,0.0,1117.82,-2.38
60.34,-0.17,7.35,7.64,0.0,-0.01,-0.01,0.06,896.62,28.49,0.0,1117.41,-2.33
60.35,-0.13,7.42,7.66,0.01,-0.01,-0.02,0.04,892.83,28.49,0.0,1117.12,-2.35
60.36,-0.07,7.52,7.66,0.04,-0.0,-0.01,0.04,893.78,28.49,0.0,1117.08,-2.43
60.37,-0.0,7.62,7.65,0.06,0.01,0.03,0.05,898.38,28.49,0.0,1117.22,-2.55
60.38,0.03,7.7,7.64,0.07,0.02,0.07,0.07,902.65,28.49,0.0,1117.37,-2.68
60.39,0.01,7.76,7.62,0.08,0.04,0.09,0.1,903.3,28.49,0.0,1117.36,-2.8
60.4,-0.07,7.79,7.61,0.07,0.06,0.1,0.13,900.75,28.49,0.0,1117.2,-2.9
60.41,-0.16,7.76,7.61,0.06,0.07,0.08,0.15,898.51,28.5,0.0,1116.94,-2.96
60.42,-0.26,7.66,7.62,0.04,0.08,0.05,0.16,899.59,28.5,0.0,1116.66,-2.99
60.43,-0.34,7.52,7.66,0.03,0.08,0.02,0.15,903.91,28.5,0.0,1116.45,-2.98
60.44,-0.37,7.39,7.7,0.02,0.07,-0.0,0.13,909.17,28.5,0.0,1116.41,-2.93
60.45,-0.34,7.28,7.74,0.01,0.05,-0.0,0.11,913.16,28.5,0.0,1116.55,-2.85
60.46,-0.27,7.22,7.77,-0.0,0.04,0.01,0.08,914.72,28.5,0.0,1116.83,-2.73
60.47,-0.18,7.2,7.77,-0.01,0.02,0.02,0.07,913.26,28.5,0.0,1117.14,-2.58
60.48,-0.1,7.22,7.74,-0.01,0.01,0.01,0.06,909.01,28.5,0.0,1117.41,-2.39
60.49,-0.05,7.25,7.71,-0.0,0.0,-0.03,0.06,903.56,28.51,0.0,1117.59,-2.2
60.5,-0.03,7.3,7.68,0.01,0.0,-0.05,0.07,899.13,28.51,0.0,1117.67,-2.11
60.51,-0.06,7.35,7.67,0.03,0.01,-0.05,0.07,897.14,28.51,0.0,1117.67,-2.15
60.52,-0.11,7.4,7.69,0.05,0.02,-0.02,0.06,897.53,28.5,0.0,1117.58,-2.31
60.53,-0.17,7.43,7.71,0.06,0.03,0.05,0.06,899.32,28.49,0.0,1117.42,-2.52
60.54,-0.21,7.42,7.73,0.07,0.04,0.13,0.07,901.41,28.49,0.0,1117.16,-2.71
60.55,-0.21,7.38,7.73,0.08,0.05,0.21,0.09,903.15,28.5,0.0,1116.86,-2.83
60.56,-0.18,7.31,7.72,0.07,0.06,0.26,0.12,904.44,28.51,0.0,1116.59,-2.84
60.57,-0.11,7.2,7.68,0.06,0.07,0.26,0.15,905.43,28.51,0.0,1116.38,-2.71
60.58,-0.03,7.09,7.64,0.05,0.06,0.23,0.18,905.34,28.51,0.0,1116.23,-2.51
60.59,0.02,7.02,7.61,0.04,0.05,0.17,0.2,901.73,28.5,0.0,1116.13,-2.3
60.6,0.01,7.02,7.61,0.02,0.04,0.13,0.21,893.15,28.5,0.0,1116.03,-2.15
60.61,-0.06,7.09,7.64,0.01,0.02,0.09,0.22,882.46,28.5,0.0,1115.94,-2.08
60.62,-0.14,7.2,7.68,-0.0,0.0,0.08,0.22,875.94,28.5,0.0,1115.9,-2.08
60.63,-0.19,7.33,7.71,-0.01,-0.01,0.08,0.21,877.87,28.5,0.0,1115.91,-2.14
60.64,-0.21,7.46,7.72,-0.0,-0.02,0.09,0.19,886.43,28.5,0.0,1116.0,-2.23
60.65,-0.19,7.57,7.72,0.01,-0.02,0.09,0.17,895.54,28.49,0.0,1116.19,-2.32
60.66,-0.13,7.66,7.72,0.03,-0.01,0.09,0.13,900.12,28.49,0.0,1116.48,-2.43
60.67,-0.07,7.72,7.72,0.05,0.01,0.08,0.09,899.52,28.49,0.0,1116.81,-2.52
60.68,-0.04,7.74,7.72,0.07,0.03,0.06,0.06,896.69,28.49,0.0,1117.07,-2.58
60.69,-0.07,7.72,7.73,0.08,0.05,0.05,0.05,894.77,28.49,0.0,1117.18,-2.59
60.7,-0.16,7.66,7.73,0.09,0.08,0.03,0.06,895.06,28.49,0.0,1117.15,-2.56
60.71,-0.24,7.58,7.73,0.09,0.1,0.02,0.08,897.41,28.5,0.0,1116.96,-2.49
60.72,-0.3,7.5,7.72,0.08,0.1,0.02,0.1,901.02,28.5,0.0,1116.63,-2.37
60.73,-0.32,7.42,7.7,0.07,0.1,0.03,0.12,905.07,28.5,0.0,1116.25,-2.24
60.74,-0.28,7.39,7.68,0.05,0.08,0.06,0.14,909.4,28.5,0.0,1115.89,-2.12
60.75,-0.21,7.4,7.66,0.03,0.06,0.1,0.16,914.08,28.51,0.0,1115.59,-2.04
60.76,-0.11,7.45,7.65,0.01,0.04,0.16,0.17,918.28,28.51,0.0,1115.4,-2.02
60.77,-0.04,7.49,7.66,-0.0,0.02,0.2,0.18,920.45,28.51,0.0,1115.33,-2.1
60.78,-0.01,7.51,7.68,-0.0,-0.0,0.21,0.18,919.71,28.51,0.0,1115.4,-2.31
60.79,-0.01,7.5,7.71,-0.0,-0.01,0.19,0.17,916.45,28.5,0.0,1115.52,-2.59
60.8,-0.06,7.46,7.74,0.01,-0.02,0.14,0.14,911.42,28.49,0.0,1115.54,-2.81
60.81,-0.12,7.39,7.76,0.03,-0.01,0.1,0.11,905.44,28.49,0.0,1115.38,-2.89
60.82,-0.18,7.31,7.77,0.05,0.0,0.06,0.07,900.01,28.5,0.0,1115.09,-2.83
60.83,-0.21,7.24,7.78,0.07,0.02,0.03,0.05,897.12,28.51,0.0,1114.82,-2.68
60.84,-0.2,7.19,7.78,0.08,0.04,0.02,0.06,897.73,28.52,0.0,1114.71,-2.51
60.85,-0.16,7.17,7.79,0.08,0.06,0.03,0.09,900.19,28.51,0.0,1114.78,-2.36
60.86,-0.11,7.17,7.77,0.08,0.07,0.04,0.13,900.39,28.51,0.0,1114.99,-2.25
60.87,-0.1,7.19,7.73,0.07,0.07,0.04,0.17,895.42,28.51,0.0,1115.27,-2.19
60.88,-0.12,7.22,7.68,0.06,0.06,0.05,0.21,886.9,28.51,0.0,1115.55,-2.17
60.89,-0.17,7.27,7.63,0.04,0.05,0.06,0.22,879.81,28.51,0.0,1115.73,-2.23
60.9,-0.24,7.34,7.61,0.02,0.03,0.08,0.21,877.96,28.51,0.0,1115.75,-2.39
60.91,-0.3,7.41,7.62,0.0,0.01,0.1,0.17,881.03,28.51,0.0,1115.65,-2.6
60.92,-0.32,7.49,7.66,-0.01,-0.0,0.11,0.14,885.59,28.5,0.0,1115.44,-2.8
60.93,-0.29,7.58,7.7,-0.02,-0.01,0.1,0.12,888.4,28.5,0.0,1115.17,-2.92
60.94,-0.22,7.65,7.74,-0.01,-0.02,0.08,0.11,889.17,28.49,0.0,1114.91,-2.96
60.95,-0.13,7.69,7.77,0.01,-0.02,0.05,0.11,890.61,28.49,0.0,1114.74,-2.93
60.96,-0.04,7.69,7.78,0.03,-0.01,0.03,0.1,895.17,28.49,0.0,1114.73,-2.83
60.97,0.02,7.64,7.79,0.05,-0.0,0.03,0.09,901.7,28.5,0.0,1114.83,-2.71
60.98,0.03,7.59,7.8,0.07,0.01,0.03,0.08,906.12,28.5,0.0,1114.95,-2.57
60.99,-0.03,7.55,7.82,0.08,0.03,0.04,0.1,905.31,28.51,0.0,1115.02,-2.42
61.0,-0.13,7.54,7.84,0.08,0.05,0.06,0.12,900.48,28.52,0.0,1115.0,-2.28
61.01,-0.23,7.53,7.86,0.08,0.07,0.1,0.15,896.22,28.52,0.0,1114.95,-2.22
61.02,-0.3,7.53,7.84,0.08,0.07,0.19,0.17,896.27,28.53,0.0,1114.88,-2.26
61.03,-0.32,7.53,7.8,0.07,0.07,0.29,0.18,900.63,28.53,0.0,1114.85,-2.39
61.04,-0.28,7.51,7.76,0.05,0.06,0.35,0.17,906.7,28.52,0.0,1114.89,-2.56
61.05,-0.19,7.46,7.72,0.03,0.04,0.33,0.14,911.9,28.51,0.0,1115.03,-2.75
61.06,-0.08,7.4,7.7,0.01,0.02,0.24,0.1,914.57,28.51,0.0,1115.22,-2.9
61.07,0.01,7.34,7.69,-0.0,0.0,0.12,0.07,913.69,28.5,0.0,1115.39,-2.95
61.08,0.06,7.3,7.7,-0.01,-0.01,0.02,0.04,909.32,28.5,0.0,1115.48,-2.85
61.09,0.06,7.28,7.71,-0.0,-0.03,-0.05,0.03,903.25,28.51,0.0,1115.52,-2.66
61.1,0.01,7.28,7.72,0.01,-0.03,-0.07,0.02,898.14,28.52,0.0,1115.62,-2.46
61.11,-0.06,7.28,7.73,0.03,-0.02,-0.04,0.03,895.79,28.52,0.0,1115.89,-2.32
61.12,-0.14,7.28,7.73,0.05,-0.0,0.02,0.04,896.22,28.51,0.0,1116.24,-2.27
61.13,-0.18,7.3,7.74,0.07,0.02,0.08,0.05,898.3,28.5,0.0,1116.41,-2.3
61.14,-0.18,7.34,7.75,0.08,0.04,0.14,0.05,900.79,28.5,0.0,1116.24,-2.39
61.15,-0.14,7.39,7.76,0.09,0.05,0.19,0.04,902.88,28.5,0.0,1115.79,-2.5
61.16,-0.09,7.42,7.77,0.09,0.07,0.2,0.04,904.41,28.51,0.0,1115.31,-2.64
61.17,-0.07,7.41,7.76,0.08,0.07,0.19,0.04,905.55,28.51,0.0,1115.0,-2.79
61.18,-0.08,7.36,7.74,0.07,0.06,0.16,0.04,905.95,28.51,0.0,1114.9,-2.91
61.19,-0.12,7.32,7.7,0.05,0.05,0.13,0.05,904.44,28.51,0.0,1114.98,-2.93
61.2,-0.17,7.31,7.67,0.03,0.04,0.13,0.07,900.34,28.51,0.0,1115.12,-2.78
61.21,-0.22,7.32,7.65,0.01,0.02,0.13,0.08,895.17,28.52,0.0,1115.27,-2.52
61.22,-0.23,7.36,7.65,-0.0,0.01,0.13,0.1,892.31,28.52,0.0,1115.37,-2.25
61.23,-0.19,7.4,7.66,-0.01,-0.0,0.1,0.1,894.05,28.53,0.0,1115.44,-2.07
61.24,-0.11,7.44,7.69,-0.0,-0.01,0.05,0.11,899.08,28.53,0.0,1115.45,-2.0
61.25,-0.05,7.47,7.73,0.01,-0.02,0.01,0.11,903.34,28.52,0.0,1115.38,-2.02
61.26,-0.02,7.49,7.79,0.03,-0.01,-0.01,0.11,903.65,28.52,0.0,1115.22,-2.11
61.27,-0.05,7.5,7.84,0.05,-0.01,0.01,0.1,900.26,28.51,0.0,1115.02,-2.24
61.28,-0.13,7.5,7.87,0.06,0.01,0.04,0.09,896.03,28.51,0.0,1114.89,-2.39
61.29,-0.23,7.51,7.86,0.08,0.03,0.08,0.07,893.58,28.51,0.0,1114.88,-2.58
61.3,-0.34,7.51,7.82,0.09,0.05,0.11,0.05,893.74,28.52,0.0,1114.99,-2.77
61.31,-0.4,7.5,7.77,0.09,0.07,0.14,0.05,896.11,28.52,0.0,1115.17,-2.9
61.32,-0.4,7.45,7.71,0.08,0.08,0.15,0.06,899.77,28.52,0.0,1115.36,-2.93
61.33,-0.35,7.39,7.67,0.07,0.08,0.16,0.1,903.95,28.52,0.0,1115.52,-2.86
61.34,-0.25,7.32,7.64,0.05,0.07,0.17,0.14,908.8,28.52,0.0,1115.57,-2.72
61.35,-0.14,7.24,7.64,0.03,0.05,0.19,0.18,914.56,28.52,0.0,1115.5,-2.52
61.36,-0.03,7.17,7.66,0.01,0.03,0.21,0.21,920.13,28.52,0.0,1115.36,-2.32
61.37,0.03,7.14,7.69,-0.01,0.01,0.22,0.21,923.37,28.51,0.0,1115.28,-2.19
61.38,0.02,7.15,7.72,-0.01,-0.0,0.21,0.19,922.95,28.51,0.0,1115.33,-2.16
61.39,-0.03,7.2,7.76,-0.01,-0.0,0.19,0.15,919.51,28.5,0.0,1115.43,-2.23
61.4,-0.11,7.27,7.8,0.01,-0.0,0.14,0.1,914.68,28.49,0.0,1115.35,-2.36
61.41,-0.17,7.35,7.84,0.02,0.01,0.08,0.06,909.95,28.5,0.0,1114.89,-2.52
61.42,-0.2,7.42,7.88,0.04,0.02,0.01,0.03,906.49,28.51,0.0,1114.2,-2.67
61.43,-0.18,7.45,7.91,0.06,0.04,-0.03,0.02,905.12,28.52,0.0,1113.61,-2.78
61.44,-0.11,7.42,7.9,0.07,0.05,-0.05,0.03,905.98,28.52,0.0,1113.38,-2.83
61.45,-0.02,7.35,7.87,0.08,0.07,-0.03,0.06,907.32,28.52,0.0,1113.5,-2.82
61.46,0.04,7.28,7.83,0.08,0.08,0.01,0.08,905.35,28.52,0.0,1113.75,-2.73
61.47,0.03,7.21,7.78,0.08,0.09,0.06,0.11,897.6,28.52,0.0,1113.93,-2.57
61.48,-0.05,7.18,7.75,0.07,0.09,0.11,0.12,886.47,28.51,0.0,1113.96,-2.39
61.49,-0.15,7.18,7.73,0.06,0.08,0.14,0.11,877.85,28.51,0.0,1113.88,-2.26
61.5,-0.24,7.2,7.73,0.04,0.07,0.14,0.09,876.04,28.51,0.0,1113.75,-2.23
61.51,-0.3,7.25,7.73,0.02,0.05,0.11,0.08,880.33,28.51,0.0,1113.64,-2.29
61.52,-0.29,7.31,7.74,-0.0,0.04,0.06,0.07,886.39,28.51,0.0,1113.57,-2.39
61.53,-0.22,7.4,7.73,-0.01,0.02,0.0,0.09,890.25,28.52,0.0,1113.55,-2.5
61.54,-0.11,7.49,7.72,-0.01,0.0,-0.04,0.12,891.04,28.52,0.0,1113.56,-2.59
61.55,-0.03,7.57,7.71,0.0,-0.01,-0.07,0.15,890.72,28.52,0.0,1113.57,-2.67
61.56,0.0,7.62,7.7,0.02,-0.01,-0.06,0.16,891.48,28.52,0.0,1113.56,-2.73
61.57,-0.03,7.64,7.7,0.04,-0.0,-0.03,0.15,893.92,28.53,0.0,1113.54,-2.78
61.58,-0.09,7.62,7.7,0.06,0.01,0.01,0.13,897.61,28.52,0.0,1113.55,-2.76
61.59,-0.17,7.59,7.71,0.07,0.03,0.06,0.12,901.78,28.52,0.0,1113.63,-2.65
61.6,-0.24,7.55,7.72,0.08,0.04,0.11,0.11,905.85,28.52,0.0,1113.73,-2.49
61.61,-0.27,7.51,7.72,0.08,0.06,0.14,0.11,909.93,28.52,0.0,1113.78,-2.32
61.62,-0.26,7.47,7.71,0.08,0.06,0.13,0.11,914.28,28.52,0.0,1113.7,-2.18
61.63,-0.22,7.43,7.68,0.07,0.06,0.1,0.12,918.22,28.52,0.0,1113.54,-2.11
61.64,-0.17,7.4,7.66,0.05,0.05,0.07,0.13,920.26,28.52,0.0,1113.41,-2.13
61.65,-0.12,7.36,7.66,0.03,0.03,0.04,0.14,919.5,28.52,0.0,1113.41,-2.27
61.66,-0.1,7.34,7.68,0.01,0.02,0.01,0.15,916.3,28.52,0.0,1113.52,-2.48
61.67,-0.09,7.34,7.72,-0.0,0.0,-0.02,0.15,911.35,28.52,0.0,1113.63,-2.7
61.68,-0.1,7.37,7.75,-0.01,-0.01,-0.07,0.14,905.47,28.53,0.0,1113.62,-2.89
61.69,-0.12,7.41,7.77,-0.01,-0.01,-0.12,0.11,900.12,28.54,0.0,1113.54,-3.0
61.7,-0.14,7.44,7.78,0.01,-0.01,-0.16,0.09,897.24,28.54,0.0,1113.56,-3.01
61.71,-0.15,7.41,7.78,0.02,-0.0,-0.17,0.08,897.82,28.54,0.0,1113.8,-2.92
61.72,-0.13,7.34,7.76,0.04,0.01,-0.16,0.09,900.21,28.54,0.0,1114.21,-2.75
61.73,-0.11,7.26,7.74,0.06,0.03,-0.13,0.11,900.33,28.53,0.0,1114.64,-2.55
61.74,-0.09,7.2,7.72,0.07,0.06,-0.07,0.13,895.27,28.52,0.0,1114.97,-2.34
61.75,-0.08,7.16,7.71,0.08,0.08,-0.0,0.16,886.69,28.51,0.0,1115.12,-2.17
61.76,-0.09,7.15,7.69,0.08,0.09,0.05,0.17,879.55,28.51,0.0,1115.02,-2.08
61.77,-0.14,7.17,7.68,0.08,0.1,0.07,0.16,877.71,28.51,0.0,1114.68,-2.08
61.78,-0.2,7.21,7.67,0.07,0.09,0.08,0.15,880.82,28.51,0.0,1114.22,-2.16
61.79,-0.25,7.27,7.67,0.05,0.08,0.07,0.13,885.44,28.52,0.0,1113.84,-2.28
61.8,-0.27,7.35,7.69,0.03,0.07,0.06,0.11,888.31,28.52,0.0,1113.66,-2.43
61.81,-0.25,7.44,7.72,0.01,0.05,0.05,0.1,889.13,28.53,0.0,1113.69,-2.55
61.82,-0.18,7.51,7.74,-0.01,0.04,0.05,0.1,890.6,28.53,0.0,1113.84,-2.61
61.83,-0.08,7.55,7.75,-0.01,0.02,0.07,0.09,895.14,28.52,0.0,1114.03,-2.59
61.84,0.02,7.57,7.75,-0.01,0.0,0.1,0.09,901.65,28.52,0.0,1114.18,-2.5
61.85,0.08,7.56,7.74,-0.0,-0.0,0.12,0.08,906.02,28.51,0.0,1114.25,-2.4
61.86,0.08,7.55,7.73,0.02,-0.0,0.13,0.07,905.18,28.5,0.0,1114.25,-2.32
61.87,0.01,7.55,7.73,0.04,0.01,0.12,0.06,900.34,28.5,0.0,1114.18,-2.28
61.88,-0.1,7.54,7.73,0.05,0.02,0.09,0.06,896.09,28.49,0.0,1114.06,-2.27
61.89,-0.21,7.54,7.73,0.07,0.04,0.06,0.07,896.17,28.5,0.0,1113.9,-2.28
61.9,-0.3,7.52,7.72,0.08,0.06,0.04,0.09,900.58,28.5,0.0,1113.76,-2.31
61.91,-0.33,7.5,7.71,0.08,0.07,0.03,0.12,906.69,28.51,0.0,1113.74,-2.4
61.92,-0.3,7.48,7.7,0.08,0.07,0.04,0.15,911.91,28.52,0.0,1113.9,-2.57
61.93,-0.22,7.45,7.69,0.07,0.07,0.06,0.17,914.59,28.53,0.0,1114.15,-2.77
61.94,-0.13,7.41,7.68,0.05,0.07,0.08,0.19,913.71,28.53,0.0,1114.3,-2.9
61.95,-0.07,7.37,7.66,0.03,0.05,0.08,0.21,909.32,28.53,0.0,1114.22,-2.88
61.96,-0.05,7.33,7.64,0.01,0.04,0.08,0.21,903.26,28.53,0.0,1113.96,-2.74
61.97,-0.07,7.3,7.64,-0.01,0.02,0.06,0.2,898.39,28.53,0.0,1113.71,-2.52
61.98,-0.11,7.29,7.65,-0.01,0.01,0.04,0.18,896.57,28.52,0.0,1113.61,-2.29
61.99,-0.17,7.3,7.68,-0.01,-0.01,0.03,0.15,897.65,28.51,0.0,1113.65,-2.11
62.0,-0.2,7.32,7.72,0.0,-0.01,0.03,0.12,900.09,28.51,0.0,1113.67,-1.99
62.01,-0.2,7.34,7.78,0.02,-0.01,0.06,0.08,902.34,28.51,0.0,1113.52,-1.96
62.02,-0.18,7.36,7.84,0.04,0.01,0.1,0.05,903.73,28.51,0.0,1113.23,-2.0
62.03,-0.14,7.36,7.87,0.06,0.03,0.12,0.04,904.45,28.52,0.0,1112.89,-2.11
62.04,-0.11,7.35,7.86,0.07,0.05,0.1,0.06,904.98,28.52,0.0,1112.63,-2.27
62.05,-0.1,7.33,7.82,0.08,0.07,0.06,0.1,904.67,28.53,0.0,1112.51,-2.46
62.06,-0.11,7.32,7.75,0.08,0.08,0.02,0.14,901.14,28.53,0.0,1112.57,-2.63
62.07,-0.16,7.35,7.69,0.08,0.09,0.0,0.16,892.87,28.53,0.0,1112.81,-2.75
62.08,-0.22,7.39,7.64,0.06,0.09,0.01,0.18,882.53,28.52,0.0,1113.11,-2.81
62.09,-0.25,7.43,7.62,0.04,0.08,0.03,0.18,876.04,28.51,0.0,1113.26,-2.8
62.1,-0.25,7.44,7.62,0.02,0.07,0.07,0.19,877.46,28.51,0.0,1113.11,-2.75
62.11,-0.2,7.41,7.64,0.0,0.05,0.1,0.2,885.22,28.51,0.0,1112.74,-2.66
62.12,-0.14,7.38,7.67,-0.01,0.04,0.12,0.21,893.79,28.51,0.0,1112.4,-2.54
62.13,-0.08,7.35,7.7,-0.01,0.02,0.12,0.2,898.52,28.51,0.0,1112.26,-2.41
62.14,-0.04,7.35,7.73,-0.01,0.01,0.11,0.18,898.63,28.52,0.0,1112.34,-2.29
62.15,-0.05,7.39,7.74,0.01,0.0,0.09,0.15,896.56,28.52,0.0,1112.57,-2.22
62.16,-0.11,7.47,7.74,0.02,0.01,0.07,0.11,895.01,28.53,0.0,1112.83,-2.23
62.17,-0.22,7.57,7.73,0.04,0.02,0.06,0.07,895.2,28.54,0.0,1113.03,-2.31
62.18,-0.3,7.67,7.72,0.06,0.03,0.06,0.05,897.15,28.54,0.0,1113.15,-2.43
62.19,-0.34,7.73,7.7,0.07,0.05,0.06,0.06,900.28,28.54,0.0,1113.18,-2.55
62.2,-0.32,7.74,7.68,0.08,0.07,0.07,0.08,903.97,28.54,0.0,1113.11,-2.65
62.21,-0.25,7.71,7.67,0.09,0.09,0.08,0.11,908.23,28.53,0.0,1112.87,-2.67
62.22,-0.13,7.63,7.67,0.08,0.09,0.08,0.13,913.18,28.53,0.0,1112.43,-2.58
62.23,-0.01,7.53,7.68,0.07,0.09,0.06,0.14,917.87,28.53,0.0,1111.93,-2.42
62.24,0.06,7.42,7.69,0.05,0.08,0.04,0.14,920.54,28.53,0.0,1111.64,-2.26
62.25,0.07,7.32,7.71,0.03,0.07,0.02,0.15,920.14,28.53,0.0,1111.75,-2.16
62.26,0.02,7.22,7.73,0.01,0.05,-0.01,0.17,917.02,28.53,0.0,1112.16,-2.14
62.27,-0.07,7.16,7.75,-0.0,0.03,-0.01,0.19,912.0,28.54,0.0,1112.59,-2.18
62.28,-0.17,7.12,7.77,-0.01,0.01,0.03,0.19,905.97,28.54,0.0,1112.81,-2.27
62.29,-0.24,7.12,7.79,-0.01,0.0,0.09,0.17,900.53,28.54,0.0,1112.81,-2.39
62.3,-0.25,7.15,7.81,0.0,-0.01,0.14,0.15,897.69,28.55,0.0,1112.81,-2.53
62.31,-0.19,7.21,7.82,0.02,-0.01,0.14,0.13,898.46,28.54,0.0,1112.99,-2.7
62.32,-0.08,7.29,7.82,0.03,-0.0,0.1,0.11,901.05,28.54,0.0,1113.31,-2.87
62.33,0.0,7.37,7.81,0.05,0.01,0.05,0.1,901.03,28.53,0.0,1113.53,-2.97
62.34,0.01,7.41,7.8,0.07,0.02,0.03,0.11,895.29,28.53,0.0,1113.46,-2.97
62.35,-0.04,7.43,7.78,0.08,0.04,0.03,0.13,885.67,28.53,0.0,1113.13,-2.88
62.36,-0.14,7.41,7.75,0.09,0.05,0.05,0.14,877.66,28.53,0.0,1112.74,-2.74
62.37,-0.24,7.35,7.72,0.09,0.06,0.06,0.15,875.47,28.53,0.0,1112.46,-2.59
62.38,-0.32,7.28,7.69,0.08,0.06,0.06,0.16,878.83,28.54,0.0,1112.34,-2.46
62.39,-0.34,7.21,7.65,0.06,0.05,0.06,0.16,884.25,28.55,0.0,1112.32,-2.37
62.4,-0.29,7.18,7.61,0.04,0.04,0.08,0.16,888.34,28.55,0.0,1112.31,-2.31
62.41,-0.2,7.18,7.58,0.01,0.03,0.1,0.17,890.37,28.54,0.0,1112.28,-2.29
62.42,-0.1,7.23,7.55,-0.01,0.01,0.12,0.18,892.45,28.54,0.0,1112.24,-2.32
62.43,-0.04,7.3,7.53,-0.01,-0.0,0.12,0.17,896.64,28.53,0.0,1112.21,-2.41
62.44,-0.03,7.41,7.53,-0.01,-0.02,0.09,0.16,902.61,28.53,0.0,1112.21,-2.52
62.45,-0.06,7.52,7.57,-0.0,-0.02,0.05,0.15,908.37,28.53,0.0,1112.27,-2.63
62.46,-0.13,7.64,7.63,0.01,-0.02,-0.0,0.14,912.24,28.52,0.0,1112.41,-2.7
62.47,-0.2,7.75,7.71,0.03,-0.01,-0.05,0.13,914.05,28.52,0.0,1112.57,-2.73
62.48,-0.26,7.82,7.77,0.04,0.01,-0.08,0.13,915.11,28.52,0.0,1112.67,-2.71
62.49,-0.28,7.81,7.79,0.06,0.03,-0.08,0.13,916.76,28.52,0.0,1112.65,-2.66
62.5,-0.26,7.75,7.78,0.07,0.05,-0.05,0.14,918.94,28.52,0.0,1112.57,-2.6
62.51,-0.22,7.63,7.75,0.08,0.06,-0.01,0.15,920.41,28.52,0.0,1112.55,-2.54
62.52,-0.18,7.46,7.73,0.08,0.07,0.06,0.15,920.17,28.52,0.0,1112.72,-2.5
62.53,-0.14,7.29,7.72,0.07,0.07,0.12,0.16,918.04,28.52,0.0,1113.02,-2.47
62.54,-0.12,7.16,7.71,0.05,0.07,0.16,0.16,914.06,28.52,0.0,1113.3,-2.44
62.55,-0.12,7.11,7.69,0.03,0.06,0.16,0.17,908.56,28.53,0.0,1113.45,-2.37
62.56,-0.12,7.12,7.67,0.01,0.05,0.13,0.18,902.84,28.53,0.0,1113.43,-2.3
62.57,-0.14,7.17,7.64,-0.0,0.03,0.1,0.19,898.71,28.53,0.0,1113.31,-2.28
62.58,-0.15,7.21,7.64,-0.01,0.02,0.1,0.2,897.19,28.53,0.0,1113.15,-2.35
62.59,-0.15,7.23,7.65,-0.01,-0.0,0.13,0.19,897.93,28.52,0.0,1113.01,-2.5
62.6,-0.13,7.25,7.68,0.0,-0.01,0.16,0.17,899.76,28.52,0.0,1112.95,-2.62
62.61,-0.09,7.29,7.72,0.02,-0.01,0.18,0.14,901.55,28.51,0.0,1113.0,-2.66
62.62,-0.03,7.33,7.75,0.04,-0.0,0.19,0.09,902.88,28.51,0.0,1113.12,-2.61
62.63,-0.01,7.37,7.78,0.05,0.01,0.16,0.06,904.13,28.51,0.0,1113.21,-2.53
62.64,-0.04,7.38,7.8,0.07,0.04,0.12,0.06,905.8,28.51,0.0,1113.22,-2.43
62.65,-0.11,7.37,7.8,0.08,0.06,0.07,0.08,907.25,28.52,0.0,1113.11,-2.37
62.66,-0.18,7.34,7.8,0.09,0.07,0.04,0.12,906.55,28.53,0.0,1112.87,-2.33
62.67,-0.22,7.3,7.8,0.08,0.08,0.05,0.16,902.43,28.53,0.0,1112.51,-2.33
62.68,-0.23,7.27,7.79,0.07,0.08,0.09,0.19,896.55,28.52,0.0,1112.11,-2.35
62.69,-0.18,7.27,7.78,0.05,0.07,0.13,0.21,892.9,28.52,0.0,1111.78,-2.43
62.7,-0.1,7.32,7.73,0.03,0.05,0.16,0.21,894.32,28.51,0.0,1111.58,-2.57
62.71,0.0,7.39,7.68,0.01,0.04,0.16,0.2,899.52,28.51,0.0,1111.5,-2.74
62.72,0.07,7.49,7.63,-0.0,0.03,0.13,0.18,904.0,28.51,0.0,1111.5,-2.85
62.73,0.06,7.59,7.62,-0.01,0.02,0.08,0.17,904.13,28.51,0.0,1111.52,-2.88
62.74,-0.01,7.67,7.63,-0.01,0.0,0.03,0.16,900.52,28.52,0.0,1111.54,-2.81
62.75,-0.11,7.71,7.67,-0.0,-0.0,-0.02,0.15,897.23,28.52,0.0,1111.56,-2.67
62.76,-0.22,7.69,7.72,0.02,-0.0,-0.05,0.14,897.73,28.53,0.0,1111.6,-2.5
62.77,-0.31,7.64,7.77,0.04,0.01,-0.05,0.13,902.1,28.54,0.0,1111.66,-2.34
62.78,-0.35,7.56,7.81,0.06,0.02,-0.04,0.11,908.12,28.54,0.0,1111.73,-2.23
62.79,-0.33,7.48,7.83,0.07,0.04,-0.01,0.08,913.51,28.54,0.0,1111.79,-2.19
62.8,-0.26,7.4,7.83,0.08,0.06,0.03,0.05,916.62,28.54,0.0,1111.82,-2.2
62.81,-0.19,7.32,7.82,0.09,0.08,0.06,0.04,916.1,28.54,0.0,1111.78,-2.27
62.82,-0.12,7.25,7.8,0.08,0.09,0.08,0.04,911.72,28.54,0.0,1111.65,-2.39
62.83,-0.09,7.18,7.78,0.07,0.09,0.1,0.07,905.28,28.53,0.0,1111.46,-2.52
62.84,-0.09,7.15,7.76,0.05,0.08,0.11,0.1,899.6,28.52,0.0,1111.24,-2.66
62.85,-0.13,7.16,7.74,0.03,0.07,0.11,0.13,896.65,28.52,0.0,1111.03,-2.79
62.86,-0.18,7.2,7.71,0.01,0.05,0.1,0.16,896.57,28.52,0.0,1110.89,-2.88
62.87,-0.22,7.26,7.71,-0.01,0.03,0.09,0.17,898.36,28.53,0.0,1110.89,-2.87
62.88,-0.22,7.31,7.72,-0.02,0.02,0.06,0.16,900.75,28.53,0.0,1111.06,-2.74
62.89,-0.19,7.33,7.74,-0.02,0.0,0.02,0.13,902.9,28.55,0.0,1111.32,-2.52
62.9,-0.12,7.32,7.75,-0.01,-0.01,-0.01,0.09,904.54,28.56,0.0,1111.52,-2.32
62.91,-0.03,7.27,7.75,0.01,-0.01,-0.03,0.06,905.75,28.57,0.0,1111.55,-2.2
62.92,0.06,7.21,7.73,0.02,-0.01,-0.03,0.04,905.79,28.57,0.0,1111.42,-2.19
62.93,0.09,7.18,7.73,0.04,-0.0,-0.03,0.04,902.47,28.57,0.0,1111.27,-2.27
62.94,0.05,7.21,7.74,0.05,0.01,-0.03,0.07,894.47,28.56,0.0,1111.21,-2.42
62.95,-0.05,7.29,7.77,0.07,0.04,-0.02,0.11,884.45,28.55,0.0,1111.27,-2.58
62.96,-0.15,7.38,7.8,0.08,0.06,-0.0,0.15,878.15,28.54,0.0,1111.4,-2.71
62.97,-0.22,7.44,7.79,0.08,0.07,0.04,0.17,879.46,28.54,0.0,1111.56,-2.77
62.98,-0.25,7.48,7.76,0.07,0.07,0.09,0.17,886.8,28.55,0.0,1111.7,-2.77
62.99,-0.22,7.51,7.71,0.05,0.07,0.12,0.16,894.67,28.56,0.0,1111.8,-2.7
63.0,-0.16,7.55,7.68,0.03,0.07,0.14,0.14,898.46,28.57,0.0,1111.86,-2.57
63.01,-0.09,7.59,7.66,0.01,0.05,0.13,0.11,897.65,28.58,0.0,1111.87,-2.42
63.02,-0.05,7.61,7.66,-0.01,0.04,0.11,0.1,895.04,28.58,0.0,1111.83,-2.28
63.03,-0.07,7.6,7.66,-0.02,0.02,0.09,0.1,893.54,28.58,0.0,1111.73,-2.18
63.04,-0.14,7.57,7.67,-0.02,-0.0,0.07,0.11,894.24,28.57,0.0,1111.63,-2.12
63.05,-0.21,7.52,7.7,-0.01,-0.01,0.07,0.12,896.85,28.56,0.0,1111.6,-2.13
63.06,-0.26,7.5,7.74,0.0,-0.02,0.08,0.11,900.49,28.55,0.0,1111.72,-2.22
63.07,-0.27,7.49,7.79,0.02,-0.01,0.11,0.08,904.52,28.54,0.0,1111.93,-2.35
63.08,-0.24,7.51,7.82,0.04,-0.0,0.14,0.07,909.17,28.53,0.0,1112.12,-2.5
63.09,-0.17,7.54,7.82,0.06,0.01,0.16,0.07,914.77,28.52,0.0,1112.22,-2.64
63.1,-0.09,7.56,7.79,0.08,0.03,0.17,0.1,920.25,28.52,0.0,1112.21,-2.74
63.11,-0.04,7.56,7.74,0.09,0.05,0.17,0.13,923.45,28.52,0.0,1112.13,-2.77
63.12,-0.03,7.51,7.68,0.09,0.06,0.15,0.16,923.05,28.52,0.0,1112.02,-2.72
63.13,-0.07,7.42,7.64,0.08,0.07,0.13,0.18,919.39,28.53,0.0,1111.93,-2.62
63.14,-0.13,7.31,7.62,0.06,0.07,0.1,0.17,913.37,28.53,0.0,1111.89,-2.48
63.15,-0.2,7.19,7.62,0.04,0.06,0.07,0.15,906.03,28.53,0.0,1111.9,-2.32
63.16,-0.26,7.1,7.64,0.01,0.05,0.04,0.1,899.31,28.53,0.0,1111.96,-2.17
63.17,-0.28,7.04,7.66,-0.01,0.04,0.02,0.07,895.66,28.53,0.0,1112.05,-2.05
63.18,-0.25,7.02,7.68,-0.02,0.03,0.02,0.06,896.31,28.54,0.0,1112.17,-1.98
63.19,-0.17,7.05,7.69,-0.02,0.01,0.03,0.07,899.35,28.54,0.0,1112.3,-1.96
63.2,-0.1,7.11,7.71,-0.0,0.0,0.04,0.09,900.0,28.53,0.0,1112.4,-2.04
63.21,-0.04,7.2,7.74,0.01,0.0,0.02,0.12,894.86,28.53,0.0,1112.46,-2.24
63.22,-0.03,7.3,7.78,0.03,0.01,-0.01,0.15,885.71,28.52,0.0,1112.5,-2.49
63.23,-0.06,7.39,7.81,0.05,0.02,-0.02,0.17,878.22,28.51,0.0,1112.55,-2.69
63.24,-0.14,7.46,7.83,0.07,0.03,0.01,0.15,876.83,28.52,0.0,1112.64,-2.75
63.25,-0.23,7.51,7.83,0.08,0.05,0.07,0.11,881.05,28.52,0.0,1112.72,-2.7
63.26,-0.31,7.53,7.79,0.09,0.06,0.13,0.07,886.82,28.53,0.0,1112.68,-2.57
63.27,-0.32,7.53,7.74,0.08,0.07,0.16,0.03,890.36,28.53,0.0,1112.42,-2.42
63.28,-0.29,7.52,7.67,0.07,0.07,0.16,0.01,891.17,28.52,0.0,1112.0,-2.3
63.29,-0.21,7.49,7.62,0.05,0.07,0.14,0.0,891.94,28.51,0.0,1111.51,-2.23
63.3,-0.12,7.45,7.6,0.03,0.06,0.12,0.02,895.27,28.5,0.0,1111.05,-2.22
63.31,-0.02,7.41,7.62,0.01,0.05,0.1,0.04,900.47,28.5,0.0,1110.68,-2.26
63.32,0.02,7.39,7.65,-0.01,0.03,0.09,0.07,904.06,28.49,0.0,1110.44,-2.35
63.33,-0.01,7.4,7.69,-0.01,0.02,0.06,0.09,903.32,28.5,0.0,1110.3,-2.5
63.34,-0.08,7.43,7.72,-0.01,0.0,0.03,0.11,899.29,28.51,0.0,1110.25,-2.66
63.35,-0.17,7.48,7.74,-0.0,-0.0,0.0,0.11,896.1,28.52,0.0,1110.24,-2.8
63.36,-0.24,7.54,7.76,0.01,-0.01,-0.02,0.1,897.1,28.53,0.0,1110.23,-2.89
63.37,-0.28,7.59,7.77,0.03,-0.0,-0.03,0.09,902.02,28.54,0.0,1110.25,-2.91
63.38,-0.25,7.61,7.78,0.04,0.01,-0.02,0.07,908.14,28.55,0.0,1110.36,-2.84
63.39,-0.17,7.6,7.8,0.06,0.02,-0.01,0.06,912.88,28.55,0.0,1110.62,-2.69
63.4,-0.05,7.55,7.81,0.08,0.04,-0.0,0.07,914.89,28.55,0.0,1110.96,-2.5
63.41,0.04,7.48,7.81,0.09,0.06,0.02,0.07,913.6,28.54,0.0,1111.22,-2.33
63.42,0.07,7.38,7.79,0.08,0.07,0.03,0.07,909.36,28.54,0.0,1111.3,-2.21
63.43,0.05,7.28,7.76,0.07,0.08,0.05,0.06,903.83,28.54,0.0,1111.2,-2.17
63.44,-0.02,7.2,7.72,0.05,0.08,0.06,0.06,899.3,28.54,0.0,1110.99,-2.22
63.45,-0.11,7.15,7.68,0.02,0.08,0.05,0.08,897.2,28.54,0.0,1110.74,-2.36
63.46,-0.19,7.14,7.65,0.0,0.07,0.04,0.11,897.5,28.54,0.0,1110.52,-2.55
63.47,-0.23,7.16,7.63,-0.01,0.05,0.02,0.14,899.24,28.54,0.0,1110.38,-2.73
63.48,-0.21,7.22,7.64,-0.02,0.04,0.02,0.15,901.37,28.54,0.0,1110.32,-2.85
63.49,-0.14,7.3,7.67,-0.02,0.02,0.03,0.13,903.19,28.54,0.0,1110.34,-2.88
63.5,-0.07,7.37,7.7,-0.01,0.01,0.05,0.11,904.56,28.55,0.0,1110.41,-2.82
63.51,-0.03,7.43,7.73,0.01,0.0,0.09,0.08,905.61,28.56,0.0,1110.54,-2.67
63.52,-0.02,7.46,7.74,0.02,0.01,0.13,0.06,905.96,28.57,0.0,1110.65,-2.48
63.53,-0.06,7.47,7.75,0.04,0.02,0.16,0.05,904.42,28.57,0.0,1110.65,-2.31
63.54,-0.12,7.48,7.76,0.06,0.04,0.16,0.05,900.27,28.56,0.0,1110.46,-2.21
63.55,-0.19,7.49,7.79,0.07,0.06,0.14,0.06,895.06,28.56,0.0,1110.17,-2.18
63.56,-0.23,7.48,7.79,0.09,0.08,0.1,0.07,892.19,28.55,0.0,1109.91,-2.21
63.57,-0.22,7.45,7.77,0.09,0.09,0.05,0.09,893.96,28.55,0.0,1109.81,-2.27
63.58,-0.16,7.4,7.73,0.08,0.09,0.01,0.09,899.01,28.55,0.0,1109.87,-2.34
63.59,-0.11,7.36,7.68,0.06,0.08,-0.03,0.1,903.13,28.56,0.0,1110.01,-2.44
63.6,-0.07,7.32,7.63,0.04,0.07,-0.05,0.11,903.02,28.57,0.0,1110.15,-2.56
63.61,-0.07,7.31,7.59,0.02,0.05,-0.07,0.13,899.09,28.57,0.0,1110.27,-2.67
63.62,-0.11,7.32,7.57,-0.0,0.03,-0.06,0.15,894.54,28.58,0.0,1110.45,-2.71
63.63,-0.19,7.37,7.55,-0.01,0.01,-0.04,0.17,892.23,28.58,0.0,1110.74,-2.63
63.64,-0.29,7.44,7.56,-0.02,-0.01,-0.01,0.19,892.91,28.58,0.0,1111.09,-2.46
63.65,-0.35,7.51,7.58,-0.01,-0.02,0.02,0.19,895.88,28.57,0.0,1111.36,-2.26
63.66,-0.35,7.56,7.64,-0.0,-0.02,0.03,0.15,899.97,28.57,0.0,1111.42,-2.09
63.67,-0.31,7.58,7.71,0.02,-0.01,0.02,0.1,904.33,28.56,0.0,1111.31,-1.99
63.68,-0.22,7.56,7.77,0.04,0.01,-0.0,0.06,909.19,28.55,0.0,1111.12,-1.96
63.69,-0.11,7.5,7.82,0.06,0.03,-0.02,0.06,914.88,28.55,0.0,1110.94,-2.02
63.7,-0.02,7.4,7.84,0.07,0.05,-0.03,0.08,920.4,28.54,0.0,1110.82,-2.13
63.71,0.03,7.31,7.82,0.08,0.06,-0.02,0.12,923.58,28.54,0.0,1110.76,-2.29
63.72,0.01,7.24,7.79,0.08,0.07,-0.01,0.14,923.1,28.54,0.0,1110.76,-2.48
63.73,-0.07,7.2,7.74,0.08,0.07,0.02,0.14,919.55,28.54,0.0,1110.79,-2.67
63.74,-0.16,7.19,7.7,0.06,0.07,0.05,0.14,914.42,28.54,0.0,1110.85,-2.77
63.75,-0.25,7.21,7.67,0.05,0.06,0.09,0.14,909.14,28.54,0.0,1110.95,-2.77
63.76,-0.3,7.24,7.67,0.02,0.05,0.12,0.15,905.04,28.54,0.0,1111.06,-2.68
63.77,-0.29,7.26,7.68,0.0,0.03,0.15,0.15,903.28,28.54,0.0,1111.12,-2.55
63.78,-0.2,7.26,7.69,-0.01,0.01,0.18,0.15,904.22,28.54,0.0,1111.12,-2.42
63.79,-0.07,7.25,7.7,-0.01,-0.01,0.21,0.14,906.04,28.54,0.0,1111.08,-2.32
63.8,0.03,7.25,7.71,-0.0,-0.02,0.22,0.12,904.68,28.54,0.0,1111.14,-2.26
63.81,0.04,7.28,7.73,0.01,-0.02,0.18,0.11,897.44,28.53,0.0,1111.38,-2.22
63.82,-0.02,7.33,7.74,0.03,-0.01,0.12,0.09,886.81,28.53,0.0,1111.75,-2.22
63.83,-0.12,7.4,7.75,0.04,0.0,0.06,0.08,879.17,28.53,0.0,1112.15,-2.26
63.84,-0.22,7.44,7.76,0.06,0.02,0.02,0.07,879.2,28.54,0.0,1112.51,-2.35
63.85,-0.29,7.47,7.77,0.08,0.03,-0.0,0.07,885.79,28.55,0.0,1112.73,-2.46
63.86,-0.31,7.49,7.78,0.09,0.04,-0.0,0.08,893.66,28.56,0.0,1112.74,-2.56
63.87,-0.27,7.49,7.79,0.09,0.05,0.02,0.09,898.15,28.56,0.0,1112.51,-2.64
63.88,-0.2,7.5,7.81,0.08,0.06,0.04,0.1,898.36,28.56,0.0,1112.12,-2.67
63.89,-0.14,7.51,7.82,0.06,0.07,0.06,0.12,896.43,28.55,0.0,1111.67,-2.62
63.9,-0.12,7.51,7.82,0.04,0.07,0.07,0.13,894.88,28.54,0.0,1111.24,-2.48
63.91,-0.13,7.51,7.81,0.02,0.06,0.07,0.14,894.9,28.53,0.0,1110.86,-2.29
63.92,-0.16,7.51,7.8,-0.0,0.05,0.06,0.15,896.64,28.53,0.0,1110.52,-2.16
63.93,-0.2,7.53,7.8,-0.01,0.03,0.06,0.15,899.65,28.52,0.0,1110.17,-2.15
63.94,-0.23,7.55,7.8,-0.01,0.01,0.05,0.16,903.34,28.52,0.0,1109.86,-2.25
63.95,-0.23,7.57,7.8,-0.01,-0.01,0.03,0.16,907.71,28.53,0.0,1109.72,-2.43
63.96,-0.19,7.58,7.79,0.0,-0.02,0.01,0.15,912.83,28.53,0.0,1109.84,-2.63
63.97,-0.13,7.59,7.78,0.01,-0.02,-0.02,0.14,917.7,28.54,0.0,1110.14,-2.8
63.98,-0.08,7.57,7.78,0.03,-0.01,-0.03,0.14,920.5,28.55,0.0,1110.44,-2.92
63.99,-0.06,7.53,7.78,0.05,0.01,-0.01,0.15,920.17,28.55,0.0,1110.61,-2.99
64.0,-0.07,7.47,7.78,0.07,0.03,0.03,0.17,917.06,28.56,0.0,1110.61,-2.99
64.01,-0.11,7.42,7.78,0.08,0.05,0.08,0.18,911.99,28.56,0.0,1110.51,-2.93
64.02,-0.17,7.37,7.77,0.08,0.07,0.11,0.17,905.87,28.55,0.0,1110.4,-2.81
64.03,-0.22,7.33,7.75,0.07,0.08,0.14,0.13,900.31,28.55,0.0,1110.32,-2.64
64.04,-0.25,7.29,7.73,0.06,0.08,0.14,0.09,897.29,28.54,0.0,1110.23,-2.48
64.05,-0.25,7.23,7.7,0.04,0.08,0.11,0.07,897.79,28.54,0.0,1110.12,-2.34
64.06,-0.23,7.16,7.67,0.02,0.07,0.07,0.06,900.07,28.55,0.0,1110.0,-2.25
64.07,-0.18,7.11,7.66,0.0,0.05,0.04,0.08,899.86,28.55,0.0,1109.94,-2.24
64.08,-0.12,7.1,7.68,-0.01,0.04,0.01,0.11,894.09,28.55,0.0,1109.97,-2.3
64.09,-0.07,7.13,7.71,-0.01,0.02,0.01,0.16,884.64,28.55,0.0,1110.06,-2.42
64.1,-0.05,7.2,7.73,-0.01,-0.0,0.02,0.2,876.96,28.55,0.0,1110.08,-2.54
64.11,-0.08,7.29,7.73,-0.0,-0.01,0.04,0.22,875.22,28.56,0.0,1109.95,-2.64
64.12,-0.14,7.38,7.71,0.01,-0.02,0.08,0.21,878.98,28.57,0.0,1109.69,-2.7
64.13,-0.2,7.48,7.69,0.03,-0.01,0.09,0.18,884.44,28.57,0.0,1109.34,-2.69
64.14,-0.24,7.56,7.68,0.05,-0.0,0.07,0.12,888.02,28.57,0.0,1108.96,-2.61
64.15,-0.24,7.62,7.7,0.06,0.02,0.03,0.06,889.27,28.56,0.0,1108.64,-2.49
64.16,-0.19,7.64,7.72,0.08,0.04,-0.02,0.02,890.88,28.55,0.0,1108.48,-2.33
64.17,-0.12,7.62,7.74,0.08,0.05,-0.06,0.03,895.38,28.55,0.0,1108.53,-2.17
64.18,-0.03,7.57,7.74,0.08,0.06,-0.08,0.06,901.76,28.55,0.0,1108.73,-2.03
64.19,0.02,7.51,7.73,0.06,0.06,-0.07,0.11,906.0,28.55,0.0,1109.0,-1.98
64.2,0.0,7.46,7.71,0.04,0.06,-0.05,0.14,905.04,28.56,0.0,1109.24,-2.03
64.21,-0.07,7.43,7.69,0.02,0.05,-0.02,0.14,900.11,28.57,0.0,1109.44,-2.18
64.22,-0.16,7.41,7.67,-0.0,0.03,0.01,0.14,895.84,28.58,0.0,1109.61,-2.34
64.23,-0.25,7.41,7.68,-0.02,0.01,0.03,0.14,895.98,28.58,0.0,1109.78,-2.47
64.24,-0.3,7.41,7.69,-0.02,-0.01,0.04,0.13,900.48,28.59,0.0,1109.98,-2.54
64.25,-0.3,7.44,7.71,-0.01,-0.03,0.04,0.13,906.68,28.59,0.0,1110.2,-2.53
64.26,-0.23,7.49,7.72,0.0,-0.03,0.05,0.11,911.94,28.59,0.0,1110.47,-2.44
64.27,-0.12,7.55,7.72,0.02,-0.03,0.06,0.09,914.62,28.58,0.0,1110.72,-2.31
64.28,-0.02,7.59,7.7,0.04,-0.02,0.07,0.07,913.74,28.57,0.0,1110.84,-2.2
64.29,0.03,7.59,7.68,0.06,-0.0,0.07,0.06,909.37,28.56,0.0,1110.76,-2.14
64.3,0.03,7.54,7.66,0.08,0.02,0.05,0.06,903.36,28.55,0.0,1110.53,-2.12
64.31,-0.02,7.47,7.65,0.09,0.03,0.03,0.08,898.52,28.55,0.0,1110.3,-2.14
64.32,-0.11,7.38,7.68,0.09,0.05,0.0,0.11,896.68,28.55,0.0,1110.18,-2.15
64.33,-0.2,7.31,7.73,0.08,0.06,-0.01,0.15,897.72,28.56,0.0,1110.18,-2.16
64.34,-0.27,7.25,7.78,0.07,0.06,-0.01,0.18,900.22,28.56,0.0,1110.29,-2.2
64.35,-0.28,7.22,7.81,0.04,0.06,0.02,0.2,902.7,28.57,0.0,1110.43,-2.29
64.36,-0.24,7.21,7.82,0.02,0.06,0.07,0.2,904.41,28.57,0.0,1110.55,-2.41
64.37,-0.17,7.21,7.82,-0.0,0.05,0.11,0.19,905.4,28.56,0.0,1110.56,-2.5
64.38,-0.11,7.21,7.8,-0.02,0.04,0.12,0.17,905.99,28.56,0.0,1110.4,-2.53
64.39,-0.06,7.21,7.78,-0.02,0.02,0.11,0.14,905.6,28.56,0.0,1110.16,-2.5
64.4,-0.05,7.25,7.77,-0.02,0.01,0.09,0.12,902.07,28.57,0.0,1110.02,-2.43
64.41,-0.08,7.35,7.78,-0.01,0.0,0.05,0.11,894.05,28.56,0.0,1110.1,-2.35
64.42,-0.15,7.47,7.78,0.01,0.0,0.02,0.09,884.14,28.56,0.0,1110.38,-2.28
64.43,-0.2,7.56,7.78,0.03,0.01,-0.01,0.09,877.96,28.55,0.0,1110.76,-2.19
64.44,-0.23,7.59,7.76,0.05,0.03,-0.05,0.09,879.39,28.55,0.0,1111.16,-2.08
64.45,-0.21,7.56,7.74,0.07,0.05,-0.07,0.09,886.82,28.55,0.0,1111.47,-1.99
64.46,-0.18,7.48,7.71,0.08,0.07,-0.07,0.09,894.89,28.56,0.0,1111.63,-1.99
64.47,-0.14,7.4,7.7,0.08,0.08,-0.02,0.09,899.07,28.56,0.0,1111.61,-2.15
64.48,-0.11,7.32,7.7,0.07,0.08,0.05,0.08,898.71,28.56,0.0,1111.45,-2.42
64.49,-0.12,7.29,7.7,0.06,0.07,0.12,0.08,896.33,28.56,0.0,1111.19,-2.67
64.5,-0.18,7.31,7.69,0.04,0.06,0.15,0.09,894.65,28.56,0.0,1110.86,-2.83
64.51,-0.26,7.38,7.68,0.02,0.05,0.15,0.11,894.85,28.56,0.0,1110.5,-2.87
64.52,-0.33,7.46,7.67,0.01,0.03,0.13,0.12,896.88,28.55,0.0,1110.14,-2.84
64.53,-0.34,7.53,7.67,-0.0,0.01,0.11,0.13,900.11,28.55,0.0,1109.78,-2.78
64.54,-0.29,7.6,7.7,-0.0,-0.01,0.1,0.13,903.97,28.54,0.0,1109.46,-2.74
64.55,-0.2,7.64,7.71,-0.0,-0.02,0.11,0.13,908.67,28.53,0.0,1109.23,-2.72
64.56,-0.09,7.67,7.7,0.01,-0.02,0.13,0.12,914.47,28.53,0.0,1109.13,-2.73
64.57,0.01,7.67,7.68,0.02,-0.02,0.15,0.12,920.21,28.54,0.0,1109.14,-2.75
64.58,0.06,7.63,7.67,0.03,-0.01,0.15,0.12,923.62,28.55,0.0,1109.24,-2.75
64.59,0.05,7.55,7.7,0.05,0.0,0.14,0.11,923.33,28.56,0.0,1109.4,-2.69
64.6,-0.02,7.43,7.74,0.07,0.02,0.11,0.1,919.69,28.57,0.0,1109.58,-2.61
64.61,-0.11,7.3,7.78,0.08,0.04,0.07,0.09,913.65,28.57,0.0,1109.73,-2.57
64.62,-0.2,7.19,7.77,0.08,0.06,0.03,0.08,906.29,28.57,0.0,1109.82,-2.61
64.63,-0.25,7.11,7.74,0.08,0.07,0.0,0.07,899.56,28.56,0.0,1109.86,-2.71
64.64,-0.26,7.07,7.7,0.07,0.08,-0.0,0.08,895.9,28.55,0.0,1109.89,-2.79
64.65,-0.2,7.08,7.69,0.05,0.07,0.02,0.1,896.54,28.55,0.0,1109.92,-2.77
64.66,-0.1,7.13,7.71,0.03,0.06,0.06,0.13,899.54,28.55,0.0,1109.98,-2.66
64.67,-0.03,7.2,7.73,0.01,0.04,0.09,0.15,900.16,28.56,0.0,1110.05,-2.5
64.68,-0.01,7.27,7.73,0.0,0.02,0.1,0.17,894.99,28.56,0.0,1110.13,-2.32
64.69,-0.05,7.33,7.71,-0.01,-0.01,0.07,0.17,885.73,28.57,0.0,1110.19,-2.16
64.7,-0.12,7.37,7.69,-0.01,-0.02,0.05,0.16,877.85,28.57,0.0,1110.12,-2.09
64.71,-0.19,7.39,7.69,-0.0,-0.02,0.03,0.13,875.64,28.56,0.0,1109.87,-2.11
64.72,-0.25,7.39,7.7,0.01,-0.01,0.04,0.1,878.89,28.56,0.0,1109.48,-2.22
64.73,-0.28,7.39,7.74,0.02,0.0,0.07,0.08,884.12,28.55,0.0,1109.05,-2.41
64.74,-0.25,7.39,7.8,0.04,0.02,0.12,0.09,887.95,28.55,0.0,1108.62,-2.67
64.75,-0.19,7.4,7.86,0.07,0.04,0.17,0.12,889.73,28.55,0.0,1108.29,-2.92
64.76,-0.14,7.42,7.92,0.08,0.06,0.19,0.15,891.64,28.55,0.0,1108.11,-3.04
64.77,-0.12,7.44,7.94,0.09,0.07,0.18,0.18,895.84,28.56,0.0,1108.11,-2.96
64.78,-0.13,7.46,7.93,0.08,0.08,0.14,0.19,901.95,28.56,0.0,1108.24,-2.74
64.79,-0.17,7.5,7.88,0.07,0.08,0.09,0.18,907.9,28.57,0.0,1108.45,-2.49
64.8,-0.23,7.57,7.79,0.05,0.08,0.05,0.16,911.93,28.57,0.0,1108.69,-2.32
64.81,-0.28,7.65,7.69,0.03,0.07,0.03,0.14,913.86,28.58,0.0,1108.94,-2.24
64.82,-0.3,7.71,7.61,0.01,0.05,0.02,0.11,915.01,28.58,0.0,1109.21,-2.2
64.83,-0.28,7.72,7.58,0.0,0.03,-0.0,0.1,916.72,28.59,0.0,1109.5,-2.14
64.84,-0.23,7.68,7.6,-0.01,0.02,-0.02,0.09,918.97,28.59,0.0,1109.8,-2.07
64.85,-0.16,7.59,7.64,-0.01,0.0,-0.03,0.09,920.47,28.59,0.0,1110.07,-2.05
64.86,-0.08,7.48,7.71,-0.0,-0.0,-0.03,0.09,920.2,28.58,0.0,1110.28,-2.13
64.87,-0.01,7.37,7.77,0.01,-0.0,0.0,0.08,918.0,28.58,0.0,1110.42,-2.29
64.88,0.03,7.29,7.79,0.03,0.0,0.03,0.07,913.94,28.57,0.0,1110.52,-2.46
64.89,0.02,7.26,7.77,0.05,0.02,0.07,0.05,908.37,28.57,0.0,1110.6,-2.58
64.9,-0.02,7.27,7.72,0.07,0.03,0.09,0.03,902.62,28.57,0.0,1110.63,-2.62
64.91,-0.07,7.28,7.68,0.08,0.04,0.11,0.01,898.49,28.57,0.0,1110.51,-2.58
64.92,-0.13,7.27,7.67,0.08,0.05,0.12,0.01,896.99,28.57,0.0,1110.17,-2.48
64.93,-0.18,7.24,7.69,0.08,0.06,0.13,0.01,897.84,28.58,0.0,1109.69,-2.35
64.94,-0.19,7.21,7.74,0.06,0.07,0.12,0.04,900.0,28.58,0.0,1109.21,-2.23
64.95,-0.15,7.18,7.78,0.04,0.06,0.08,0.09,902.45,28.58,0.0,1108.84,-2.15
64.96,-0.09,7.18,7.81,0.02,0.05,0.04,0.15,904.51,28.57,0.0,1108.63,-2.12
64.97,-0.04,7.18,7.83,0.0,0.03,-0.0,0.21,906.05,28.57,0.0,1108.57,-2.14
64.98,-0.04,7.18,7.85,-0.01,0.01,-0.03,0.24,907.18,28.56,0.0,1108.62,-2.22
64.99,-0.07,7.19,7.86,-0.02,-0.01,-0.05,0.26,907.49,28.56,0.0,1108.77,-2.33
65.0,-0.12,7.21,7.88,-0.02,-0.02,-0.05,0.24,905.61,28.56,0.0,1109.04,-2.47
65.01,-0.16,7.25,7.89,-0.01,-0.03,-0.03,0.2,900.72,28.56,0.0,1109.47,-2.61
65.02,-0.17,7.32,7.9,0.0,-0.02,-0.0,0.14,894.61,28.57,0.0,1109.99,-2.72
65.03,-0.15,7.4,7.91,0.03,-0.0,0.02,0.08,891.17,28.57,0.0,1110.49,-2.74
65.04,-0.08,7.49,7.91,0.05,0.01,0.03,0.04,893.03,28.58,0.0,1110.93,-2.63
65.05,0.01,7.56,7.91,0.08,0.03,0.02,0.03,898.72,28.58,0.0,1111.23,-2.42
65.06,0.06,7.62,7.89,0.09,0.05,0.02,0.04,903.59,28.58,0.0,1111.36,-2.22
65.07,0.05,7.66,7.84,0.1,0.07,0.04,0.07,903.99,28.58,0.0,1111.31,-2.08
65.08,-0.03,7.68,7.78,0.09,0.08,0.06,0.1,900.53,28.59,0.0,1111.13,-2.03
65.09,-0.13,7.65,7.71,0.08,0.08,0.07,0.14,897.32,28.59,0.0,1110.85,-2.06
65.1,-0.24,7.59,7.65,0.06,0.08,0.04,0.16,897.89,28.59,0.0,1110.51,-2.15
65.11,-0.33,7.5,7.6,0.04,0.07,-0.01,0.18,902.32,28.58,0.0,1110.16,-2.26
65.12,-0.37,7.41,7.57,0.02,0.05,-0.06,0.19,908.39,28.57,0.0,1109.75,-2.4
65.13,-0.35,7.32,7.57,0.0,0.04,-0.1,0.18,913.79,28.56,0.0,1109.29,-2.55
65.14,-0.28,7.24,7.58,-0.01,0.02,-0.12,0.17,916.87,28.56,0.0,1108.82,-2.7
65.15,-0.19,7.19,7.61,-0.01,0.01,-0.12,0.14,916.31,28.55,0.0,1108.48,-2.78
65.16,-0.11,7.17,7.65,-0.0,0.0,-0.12,0.11,911.93,28.55,0.0,1108.34,-2.78
65.17,-0.06,7.17,7.68,0.01,0.01,-0.12,0.08,905.51,28.55,0.0,1108.38,-2.7
65.18,-0.05,7.2,7.72,0.02,0.01,-0.12,0.05,899.85,28.56,0.0,1108.49,-2.59
65.19,-0.1,7.27,7.75,0.04,0.02,-0.1,0.03,896.88,28.56,0.0,1108.58,-2.46
65.2,-0.17,7.35,7.78,0.07,0.03,-0.07,0.02,896.75,28.57,0.0,1108.66,-2.36
65.21,-0.24,7.41,7.79,0.09,0.04,-0.05,0.03,898.48,28.57,0.0,1108.79,-2.29
65.22,-0.28,7.42,7.78,0.09,0.06,-0.03,0.05,900.82,28.57,0.0,1109.06,-2.25
65.23,-0.28,7.39,7.76,0.09,0.07,-0.03,0.08,902.94,28.57,0.0,1109.42,-2.25
65.24,-0.23,7.31,7.73,0.08,0.07,-0.03,0.12,904.54,28.57,0.0,1109.8,-2.33
65.25,-0.14,7.22,7.7,0.06,0.07,-0.02,0.15,905.7,28.56,0.0,1110.13,-2.49
65.26,-0.03,7.12,7.67,0.04,0.06,-0.0,0.16,905.69,28.56,0.0,1110.36,-2.7
65.27,0.03,7.07,7.66,0.02,0.05,0.03,0.17,902.31,28.56,0.0,1110.42,-2.87
65.28,0.03,7.09,7.63,0.01,0.03,0.08,0.16,894.28,28.56,0.0,1110.32,-2.94
65.29,-0.04,7.16,7.62,-0.0,0.01,0.13,0.15,884.26,28.56,0.0,1110.11,-2.91
65.3,-0.13,7.27,7.61,-0.0,0.0,0.16,0.13,877.98,28.56,0.0,1109.86,-2.77
65.31,-0.19,7.4,7.63,0.0,-0.0,0.13,0.1,879.32,28.56,0.0,1109.64,-2.56
65.32,-0.22,7.53,7.67,0.01,0.0,0.06,0.07,886.72,28.56,0.0,1109.47,-2.35
65.33,-0.2,7.64,7.71,0.03,0.01,-0.01,0.05,894.79,28.56,0.0,1109.36,-2.2
65.34,-0.13,7.73,7.72,0.05,0.02,-0.07,0.06,898.97,28.56,0.0,1109.28,-2.17
65.35,-0.06,7.8,7.72,0.07,0.03,-0.09,0.08,898.63,28.56,0.0,1109.2,-2.24
65.36,-0.03,7.81,7.72,0.09,0.05,-0.07,0.1,896.25,28.56,0.0,1109.1,-2.38
65.37,-0.06,7.76,7.72,0.09,0.06,-0.0,0.1,894.57,28.55,0.0,1108.95,-2.54
65.38,-0.16,7.66,7.73,0.09,0.07,0.09,0.09,894.74,28.55,0.0,1108.76,-2.68
65.39,-0.25,7.54,7.75,0.07,0.08,0.17,0.08,896.75,28.55,0.0,1108.58,-2.81
65.4,-0.32,7.43,7.75,0.06,0.08,0.23,0.08,899.96,28.55,0.0,1108.42,-2.91
65.41,-0.34,7.34,7.75,0.04,0.08,0.25,0.08,903.8,28.55,0.0,1108.35,-2.98
65.42,-0.3,7.32,7.73,0.02,0.06,0.23,0.09,908.49,28.56,0.0,1108.48,-2.94
65.43,-0.21,7.34,7.71,0.0,0.04,0.18,0.11,914.27,28.58,0.0,1108.86,-2.76
65.44,-0.1,7.41,7.69,-0.01,0.02,0.12,0.12,919.97,28.59,0.0,1109.41,-2.5
65.45,-0.02,7.48,7.68,-0.02,0.0,0.05,0.11,923.35,28.6,0.0,1109.94,-2.24
65.46,0.02,7.52,7.7,-0.02,-0.01,-0.0,0.1,923.03,28.6,0.0,1110.34,-2.05
65.47,0.01,7.54,7.75,-0.01,-0.01,-0.05,0.07,919.43,28.6,0.0,1110.55,-1.97
65.48,-0.04,7.51,7.79,0.01,0.0,-0.07,0.05,913.64,28.6,0.0,1110.55,-1.97
65.49,-0.12,7.46,7.81,0.03,0.02,-0.05,0.04,906.86,28.6,0.0,1110.36,-2.03
65.5,-0.21,7.39,7.81,0.06,0.03,-0.02,0.04,900.85,28.59,0.0,1110.07,-2.12
65.51,-0.26,7.31,7.79,0.08,0.05,0.02,0.05,897.65,28.59,0.0,1109.79,-2.25
65.52,-0.27,7.23,7.76,0.09,0.07,0.05,0.05,898.22,28.59,0.0,1109.6,-2.41
65.53,-0.24,7.16,7.73,0.08,0.09,0.05,0.06,900.71,28.59,0.0,1109.47,-2.57
65.54,-0.19,7.12,7.72,0.07,0.1,0.04,0.08,900.66,28.59,0.0,1109.33,-2.68
65.55,-0.13,7.12,7.74,0.05,0.1,0.01,0.11,894.91,28.59,0.0,1109.09,-2.72
65.56,-0.09,7.15,7.77,0.03,0.09,-0.02,0.14,885.39,28.58,0.0,1108.8,-2.67
65.57,-0.08,7.2,7.79,0.01,0.07,-0.02,0.17,877.81,28.58,0.0,1108.59,-2.57
65.58,-0.12,7.28,7.78,-0.0,0.04,0.02,0.17,876.51,28.57,0.0,1108.57,-2.42
65.59,-0.19,7.37,7.74,-0.01,0.01,0.08,0.15,880.91,28.58,0.0,1108.71,-2.26
65.6,-0.25,7.47,7.71,-0.01,-0.01,0.12,0.13,886.84,28.58,0.0,1108.95,-2.17
65.61,-0.28,7.56,7.71,-0.0,-0.02,0.11,0.11,890.44,28.58,0.0,1109.2,-2.17
65.62,-0.27,7.65,7.74,0.01,-0.02,0.06,0.09,891.27,28.59,0.0,1109.41,-2.24
65.63,-0.2,7.7,7.77,0.03,-0.0,0.0,0.09,892.19,28.59,0.0,1109.61,-2.37
65.64,-0.08,7.69,7.77,0.05,0.02,-0.04,0.09,895.92,28.59,0.0,1109.84,-2.53
65.65,0.05,7.63,7.76,0.07,0.04,-0.05,0.1,901.66,28.59,0.0,1110.09,-2.66
65.66,0.13,7.56,7.74,0.09,0.06,-0.04,0.11,905.55,28.59,0.0,1110.33,-2.73
65.67,0.12,7.48,7.73,0.09,0.08,-0.0,0.12,904.63,28.59,0.0,1110.51,-2.72
65.68,0.03,7.42,7.74,0.09,0.1,0.04,0.14,900.01,28.6,0.0,1110.61,-2.63
65.69,-0.1,7.39,7.74,0.07,0.1,0.08,0.16,896.1,28.6,0.0,1110.54,-2.5
65.7,-0.23,7.39,7.72,0.05,0.1,0.14,0.17,896.49,28.6,0.0,1110.27,-2.34
65.71,-0.31,7.4,7.68,0.03,0.09,0.19,0.17,901.05,28.6,0.0,1109.86,-2.19
65.72,-0.32,7.42,7.64,0.01,0.07,0.23,0.16,907.11,28.6,0.0,1109.4,-2.1
65.73,-0.24,7.43,7.62,-0.01,0.05,0.24,0.15,912.04,28.59,0.0,1108.98,-2.07
65.74,-0.11,7.44,7.63,-0.02,0.03,0.21,0.13,914.38,28.58,0.0,1108.65,-2.11
65.75,0.02,7.43,7.66,-0.02,0.01,0.17,0.11,913.44,28.57,0.0,1108.44,-2.21
65.76,0.1,7.42,7.69,-0.02,0.01,0.12,0.09,909.49,28.56,0.0,1108.36,-2.34
65.77,0.12,7.4,7.72,-0.0,0.01,0.07,0.07,904.17,28.56,0.0,1108.39,-2.49
65.78,0.08,7.37,7.74,0.02,0.01,0.03,0.06,899.72,28.56,0.0,1108.53,-2.61
65.79,-0.02,7.34,7.76,0.05,0.02,0.02,0.06,897.62,28.56,0.0,1108.77,-2.7
65.8,-0.15,7.3,7.78,0.07,0.03,0.02,0.06,897.86,28.56,0.0,1109.03,-2.74
65.81,-0.24,7.27,7.78,0.09,0.04,0.04,0.07,899.53,28.57,0.0,1109.23,-2.7
65.82,-0.27,7.28,7.79,0.1,0.05,0.05,0.09,901.6,28.57,0.0,1109.31,-2.57
65.83,-0.25,7.3,7.79,0.09,0.06,0.07,0.12,903.38,28.57,0.0,1109.3,-2.4
65.84,-0.18,7.31,7.77,0.08,0.07,0.08,0.14,904.71,28.57,0.0,1109.29,-2.27
65.85,-0.11,7.32,7.74,0.07,0.06,0.09,0.16,905.7,28.57,0.0,1109.35,-2.23
65.86,-0.05,7.3,7.69,0.05,0.05,0.11,0.16,905.97,28.57,0.0,1109.48,-2.28
65.87,-0.03,7.3,7.66,0.03,0.04,0.11,0.15,904.34,28.58,0.0,1109.63,-2.4
65.88,-0.06,7.32,7.65,0.01,0.02,0.1,0.13,900.09,28.58,0.0,1109.74,-2.53
65.89,-0.13,7.37,7.66,0.0,0.01,0.09,0.1,894.79,28.59,0.0,1109.77,-2.65
65.9,-0.18,7.42,7.68,-0.01,-0.01,0.07,0.08,891.87,28.59,0.0,1109.66,-2.72
65.91,-0.18,7.46,7.68,-0.0,-0.02,0.04,0.05,893.66,28.59,0.0,1109.42,-2.72
65.92,-0.14,7.48,7.67,0.01,-0.02,0.01,0.02,898.77,28.58,0.0,1109.1,-2.67
65.93,-0.08,7.49,7.67,0.03,-0.02,-0.0,0.01,902.95,28.57,0.0,1108.81,-2.6
65.94,-0.03,7.47,7.71,0.05,-0.01,0.0,0.03,902.88,28.57,0.0,1108.61,-2.54
65.95,-0.01,7.45,7.76,0.07,-0.0,0.02,0.05,898.98,28.56,0.0,1108.51,-2.48
65.96,-0.04,7.44,7.82,0.09,0.01,0.05,0.08,894.44,28.56,0.0,1108.42,-2.43
65.97,-0.14,7.45,7.86,0.09,0.04,0.09,0.11,892.15,28.56,0.0,1108.28,-2.37
65.98,-0.27,7.47,7.88,0.09,0.06,0.12,0.12,892.87,28.56,0.0,1108.11,-2.31
65.99,-0.38,7.48,7.87,0.08,0.08,0.12,0.14,895.89,28.56,0.0,1108.05,-2.31
66.0,-0.43,7.46,7.84,0.06,0.08,0.1,0.16,900.03,28.56,0.0,1108.21,-2.37
66.01,-0.41,7.42,7.8,0.04,0.08,0.06,0.18,904.32,28.56,0.0,1108.55,-2.48
66.02,-0.33,7.36,7.76,0.02,0.06,0.02,0.19,908.74,28.56,0.0,1108.94,-2.63
66.03,-0.2,7.28,7.72,0.0,0.04,-0.01,0.19,913.47,28.57,0.0,1109.29,-2.78
66.04,-0.05,7.19,7.69,-0.01,0.02,-0.02,0.17,917.82,28.57,0.0,1109.55,-2.9
66.05,0.05,7.14,7.68,-0.02,-0.0,-0.01,0.14,920.39,28.58,0.0,1109.75,-2.96
66.06,0.07,7.15,7.7,-0.01,-0.01,0.0,0.11,920.36,28.59,0.0,1109.94,-2.93
66.07,0.03,7.21,7.73,-0.0,-0.0,0.02,0.08,918.1,28.59,0.0,1110.09,-2.84
66.08,-0.06,7.28,7.78,0.02,0.01,0.03,0.06,914.45,28.6,0.0,1110.12,-2.68
66.09,-0.16,7.36,7.83,0.04,0.02,0.02,0.05,910.29,28.6,0.0,1109.97,-2.48
66.1,-0.24,7.41,7.87,0.06,0.04,0.01,0.04,906.72,28.6,0.0,1109.69,-2.29
66.11,-0.26,7.43,7.88,0.07,0.06,0.01,0.03,905.01,28.6,0.0,1109.38,-2.16
66.12,-0.18,7.4,7.87,0.08,0.08,0.01,0.04,905.71,28.59,0.0,1109.11,-2.14
66.13,-0.05,7.34,7.83,0.08,0.09,0.02,0.04,907.21,28.59,0.0,1108.92,-2.21
66.14,0.06,7.28,7.79,0.07,0.09,0.04,0.06,905.61,28.58,0.0,1108.79,-2.34
66.15,0.08,7.24,7.76,0.06,0.08,0.07,0.09,898.27,28.59,0.0,1108.69,-2.5
66.16,0.02,7.22,7.75,0.04,0.07,0.09,0.13,887.63,28.59,0.0,1108.58,-2.64
66.17,-0.09,7.23,7.75,0.03,0.04,0.12,0.16,880.0,28.6,0.0,1108.45,-2.7
66.18,-0.21,7.25,7.75,0.01,0.02,0.15,0.18,879.96,28.6,0.0,1108.29,-2.67
66.19,-0.31,7.27,7.75,0.0,-0.01,0.17,0.18,886.37,28.6,0.0,1108.15,-2.57
66.2,-0.33,7.33,7.75,-0.0,-0.03,0.17,0.16,893.96,28.6,0.0,1108.13,-2.43
66.21,-0.27,7.42,7.74,-0.0,-0.03,0.15,0.15,898.1,28.61,0.0,1108.31,-2.3
66.22,-0.17,7.52,7.73,0.01,-0.03,0.11,0.13,897.96,28.61,0.0,1108.64,-2.2
66.23,-0.07,7.61,7.72,0.03,-0.03,0.06,0.11,895.88,28.6,0.0,1108.99,-2.14
66.24,-0.03,7.65,7.73,0.05,-0.01,0.01,0.1,894.46,28.6,0.0,1109.29,-2.11
66.25,-0.05,7.65,7.75,0.07,0.01,-0.02,0.1,894.82,28.59,0.0,1109.49,-2.12
66.26,-0.11,7.62,7.77,0.09,0.02,-0.03,0.1,896.93,28.59,0.0,1109.66,-2.18
66.27,-0.2,7.59,7.77,0.1,0.04,-0.0,0.12,900.18,28.59,0.0,1109.82,-2.29
66.28,-0.28,7.57,7.76,0.09,0.06,0.04,0.14,904.02,28.6,0.0,1109.97,-2.44
66.29,-0.32,7.54,7.73,0.08,0.07,0.08,0.16,908.68,28.6,0.0,1109.99,-2.56
66.3,-0.31,7.5,7.68,0.07,0.07,0.1,0.17,914.41,28.6,0.0,1109.8,-2.62
66.31,-0.26,7.45,7.64,0.05,0.07,0.09,0.17,920.07,28.6,0.0,1109.46,-2.63
66.32,-0.2,7.39,7.61,0.03,0.05,0.08,0.17,923.42,28.6,0.0,1109.1,-2.56
66.33,-0.14,7.33,7.59,0.01,0.03,0.08,0.16,923.09,28.59,0.0,1108.82,-2.42
66.34,-0.1,7.28,7.6,-0.0,0.01,0.08,0.15,919.5,28.58,0.0,1108.66,-2.26
66.35,-0.09,7.26,7.62,-0.01,-0.01,0.08,0.15,913.73,28.57,0.0,1108.57,-2.1
66.36,-0.1,7.29,7.67,-0.01,-0.02,0.05,0.14,906.99,28.57,0.0,1108.49,-1.97
66.37,-0.13,7.35,7.71,0.01,-0.02,0.02,0.13,901.01,28.57,0.0,1108.42,-1.9
66.38,-0.16,7.39,7.75,0.02,-0.01,-0.01,0.12,897.83,28.58,0.0,1108.41,-1.93
66.39,-0.17,7.39,7.76,0.04,-0.0,-0.0,0.11,898.41,28.58,0.0,1108.54,-2.1
66.4,-0.17,7.33,7.76,0.07,0.02,0.04,0.1,900.88,28.59,0.0,1108.73,-2.34
66.41,-0.15,7.26,7.74,0.08,0.04,0.09,0.1,900.8,28.59,0.0,1108.86,-2.57
66.42,-0.11,7.19,7.71,0.09,0.06,0.13,0.1,895.0,28.59,0.0,1108.84,-2.74
66.43,-0.08,7.15,7.68,0.08,0.08,0.15,0.11,885.35,28.59,0.0,1108.69,-2.82
66.44,-0.08,7.15,7.65,0.07,0.09,0.16,0.12,877.39,28.59,0.0,1108.57,-2.8
66.45,-0.11,7.18,7.63,0.06,0.08,0.16,0.13,875.37,28.59,0.0,1108.6,-2.7
66.46,-0.17,7.23,7.61,0.05,0.07,0.17,0.14,878.91,28.58,0.0,1108.77,-2.55
66.47,-0.22,7.3,7.62,0.03,0.05,0.16,0.15,884.22,28.58,0.0,1109.0,-2.41
66.48,-0.24,7.37,7.64,0.01,0.03,0.13,0.14,887.71,28.58,0.0,1109.22,-2.3
66.49,-0.22,7.44,7.69,-0.0,0.02,0.08,0.12,888.91,28.59,0.0,1109.35,-2.24
66.5,-0.16,7.5,7.74,-0.01,0.0,0.03,0.11,890.45,28.59,0.0,1109.35,-2.24
66.51,-0.08,7.56,7.78,-0.0,-0.0,-0.02,0.1,894.82,28.6,0.0,1109.23,-2.29
66.52,0.01,7.6,7.81,0.01,-0.01,-0.05,0.1,901.05,28.59,0.0,1109.04,-2.4
66.53,0.06,7.62,7.82,0.02,-0.01,-0.06,0.1,905.25,28.59,0.0,1108.88,-2.56
66.54,0.04,7.63,7.82,0.04,0.0,-0.02,0.11,904.46,28.59,0.0,1108.81,-2.77
66.55,-0.03,7.63,7.81,0.06,0.01,0.05,0.11,899.86,28.59,0.0,1108.84,-2.99
66.56,-0.12,7.6,7.8,0.08,0.02,0.1,0.12,895.94,28.59,0.0,1108.89,-3.12
66.57,-0.23,7.57,7.79,0.08,0.04,0.14,0.14,896.32,28.58,0.0,1108.91,-3.12
66.58,-0.31,7.53,7.78,0.08,0.06,0.15,0.15,900.93,28.58,0.0,1108.88,-2.99
66.59,-0.34,7.49,7.78,0.07,0.08,0.14,0.15,907.11,28.57,0.0,1108.86,-2.78
66.6,-0.31,7.45,7.77,0.06,0.08,0.12,0.15,912.27,28.57,0.0,1108.88,-2.54
66.61,-0.24,7.42,7.77,0.04,0.07,0.11,0.13,914.82,28.57,0.0,1108.93,-2.33
66.62,-0.16,7.39,7.75,0.03,0.05,0.1,0.12,913.85,28.57,0.0,1108.96,-2.21
66.63,-0.1,7.36,7.72,0.01,0.03,0.08,0.11,909.48,28.58,0.0,1108.9,-2.23
66.64,-0.07,7.34,7.68,-0.01,0.01,0.05,0.11,903.53,28.59,0.0,1108.79,-2.35
66.65,-0.08,7.33,7.66,-0.02,-0.0,0.02,0.12,898.74,28.6,0.0,1108.71,-2.55
66.66,-0.13,7.33,7.68,-0.02,-0.01,-0.03,0.12,896.92,28.6,0.0,1108.73,-2.81
66.67,-0.18,7.34,7.71,-0.01,-0.01,-0.07,0.12,897.91,28.6,0.0,1108.82,-3.05
66.68,-0.22,7.36,7.77,0.01,0.0,-0.09,0.12,900.36,28.59,0.0,1108.88,-3.17
66.69,-0.22,7.37,7.82,0.04,0.01,-0.09,0.14,902.82,28.59,0.0,1108.82,-3.12
66.7,-0.18,7.37,7.86,0.06,0.03,-0.05,0.17,904.56,28.59,0.0,1108.7,-2.94
66.71,-0.11,7.36,7.89,0.08,0.04,0.0,0.19,905.57,28.59,0.0,1108.66,-2.7
66.72,-0.04,7.32,7.9,0.08,0.05,0.07,0.18,906.14,28.59,0.0,1108.85,-2.44
66.73,0.02,7.28,7.91,0.08,0.07,0.14,0.15,905.7,28.58,0.0,1109.21,-2.24
66.74,0.03,7.27,7.89,0.07,0.07,0.17,0.12,902.1,28.58,0.0,1109.58,-2.11
66.75,-0.03,7.31,7.84,0.06,0.07,0.17,0.11,894.01,28.59,0.0,1109.81,-2.04
66.76,-0.12,7.38,7.79,0.04,0.06,0.14,0.13,884.03,28.59,0.0,1109.87,-2.04
66.77,-0.2,7.45,7.74,0.03,0.04,0.11,0.15,877.84,28.6,0.0,1109.77,-2.08
66.78,-0.25,7.48,7.72,0.01,0.03,0.09,0.17,879.27,28.6,0.0,1109.56,-2.17
66.79,-0.25,7.47,7.72,0.0,0.01,0.09,0.18,886.72,28.6,0.0,1109.33,-2.26
66.8,-0.2,7.44,7.74,-0.01,-0.0,0.09,0.16,894.79,28.59,0.0,1109.2,-2.36
66.81,-0.11,7.43,7.76,-0.01,-0.01,0.09,0.13,898.94,28.59,0.0,1109.2,-2.45
66.82,-0.03,7.45,7.78,0.0,-0.01,0.08,0.09,898.52,28.59,0.0,1109.31,-2.51
66.83,0.01,7.49,7.79,0.02,-0.0,0.06,0.06,896.08,28.59,0.0,1109.38,-2.51
66.84,-0.04,7.56,7.79,0.04,0.01,0.04,0.05,894.37,28.59,0.0,1109.32,-2.41
66.85,-0.15,7.63,7.79,0.06,0.03,0.02,0.07,894.56,28.59,0.0,1109.13,-2.26
66.86,-0.27,7.69,7.79,0.07,0.04,0.01,0.1,896.6,28.6,0.0,1108.87,-2.13
66.87,-0.34,7.72,7.78,0.08,0.06,0.01,0.12,899.84,28.6,0.0,1108.63,-2.07
66.88,-0.35,7.71,7.78,0.08,0.08,0.01,0.14,903.62,28.6,0.0,1108.45,-2.08
66.89,-0.3,7.68,7.77,0.07,0.09,0.01,0.15,907.96,28.61,0.0,1108.36,-2.17
66.9,-0.18,7.62,7.75,0.06,0.09,-0.01,0.15,912.99,28.61,0.0,1108.36,-2.32
66.91,-0.05,7.55,7.71,0.05,0.07,-0.03,0.16,917.77,28.61,0.0,1108.44,-2.47
66.92,0.05,7.47,7.67,0.03,0.06,-0.04,0.17,920.5,28.61,0.0,1108.63,-2.57
66.93,0.1,7.38,7.65,0.01,0.03,-0.02,0.17,920.13,28.61,0.0,1108.93,-2.59
66.94,0.08,7.3,7.64,-0.0,0.01,0.02,0.17,917.01,28.6,0.0,1109.26,-2.53
66.95,0.02,7.23,7.64,-0.01,-0.0,0.07,0.16,911.98,28.59,0.0,1109.52,-2.41
66.96,-0.08,7.19,7.66,-0.01,-0.01,0.09,0.15,905.96,28.59,0.0,1109.62,-2.25
66.97,-0.18,7.17,7.69,0.0,-0.02,0.1,0.13,900.51,28.59,0.0,1109.6,-2.09
66.98,-0.23,7.19,7.72,0.02,-0.01,0.1,0.11,897.55,28.59,0.0,1109.55,-1.99
66.99,-0.2,7.23,7.76,0.04,-0.01,0.1,0.09,898.05,28.59,0.0,1109.55,-1.98
67.0,-0.12,7.29,7.79,0.06,0.0,0.12,0.08,900.27,28.59,0.0,1109.61,-2.03
67.01,-0.05,7.34,7.82,0.08,0.02,0.13,0.09,899.95,28.59,0.0,1109.67,-2.14
67.02,-0.03,7.39,7.83,0.08,0.04,0.1,0.11,894.06,28.59,0.0,1109.68,-2.27
67.03,-0.08,7.41,7.83,0.08,0.05,0.07,0.14,884.51,28.6,0.0,1109.61,-2.41
67.04,-0.17,7.39,7.81,0.08,0.07,0.05,0.17,876.78,28.6,0.0,1109.43,-2.55
67.05,-0.26,7.34,7.79,0.06,0.07,0.07,0.18,875.05,28.6,0.0,1109.14,-2.72
67.06,-0.33,7.28,7.77,0.04,0.07,0.12,0.18,878.86,28.6,0.0,1108.8,-2.87
67.07,-0.35,7.22,7.74,0.03,0.06,0.17,0.18,884.35,28.59,0.0,1108.46,-2.95
67.08,-0.31,7.2,7.71,0.01,0.04,0.19,0.19,887.92,28.6,0.0,1108.18,-2.9
67.09,-0.23,7.21,7.68,-0.0,0.02,0.19,0.2,889.1,28.6,0.0,1107.98,-2.76
67.1,-0.15,7.27,7.67,-0.01,0.0,0.16,0.21,890.66,28.61,0.0,1107.88,-2.57
67.11,-0.1,7.37,7.68,-0.01,-0.01,0.13,0.21,895.13,28.62,0.0,1107.85,-2.38
67.12,-0.09,7.48,7.71,0.0,-0.01,0.11,0.19,902.04,28.62,0.0,1107.89,-2.24
67.13,-0.11,7.6,7.74,0.02,-0.01,0.1,0.17,908.86,28.61,0.0,1107.97,-2.18
67.14,-0.16,7.72,7.79,0.04,0.0,0.11,0.14,913.43,28.6,0.0,1108.08,-2.2
67.15,-0.21,7.81,7.82,0.06,0.02,0.11,0.12,915.43,28.6,0.0,1108.19,-2.29
67.16,-0.25,7.85,7.82,0.08,0.03,0.1,0.11,916.24,28.59,0.0,1108.22,-2.41
67.17,-0.25,7.83,7.79,0.09,0.06,0.08,0.1,917.37,28.6,0.0,1108.14,-2.55
67.18,-0.23,7.75,7.73,0.09,0.08,0.05,0.08,919.01,28.6,0.0,1107.99,-2.66
67.19,-0.18,7.62,7.68,0.08,0.1,0.03,0.08,920.13,28.6,0.0,1107.88,-2.72
67.2,-0.14,7.45,7.65,0.07,0.1,0.04,0.09,919.84,28.6,0.0,1107.89,-2.69
67.21,-0.1,7.29,7.65,0.05,0.1,0.07,0.1,917.87,28.6,0.0,1107.99,-2.6
67.22,-0.07,7.17,7.68,0.04,0.08,0.1,0.11,913.94,28.6,0.0,1108.1,-2.49
67.23,-0.06,7.11,7.72,0.02,0.06,0.12,0.12,908.16,28.61,0.0,1108.12,-2.37
67.24,-0.06,7.11,7.76,0.0,0.04,0.12,0.12,901.98,28.61,0.0,1108.07,-2.29
67.25,-0.06,7.15,7.79,-0.01,0.02,0.1,0.13,897.62,28.61,0.0,1108.02,-2.27
67.26,-0.07,7.2,7.79,-0.0,0.01,0.05,0.13,896.44,28.61,0.0,1108.05,-2.33
67.27,-0.07,7.26,7.78,0.01,-0.0,-0.01,0.14,897.19,28.61,0.0,1108.13,-2.46
67.28,-0.07,7.31,7.77,0.02,-0.01,-0.06,0.14,896.08,28.61,0.0,1108.18,-2.61
67.29,-0.05,7.34,7.77,0.05,-0.0,-0.07,0.14,890.31,28.62,0.0,1108.14,-2.75
67.3,-0.03,7.37,7.78,0.07,0.0,-0.06,0.13,881.52,28.63,0.0,1108.03,-2.86
67.31,-0.03,7.37,7.79,0.09,0.02,-0.03,0.11,874.74,28.65,0.0,1107.98,-2.91
67.32,-0.07,7.34,7.79,0.09,0.04,0.0,0.09,873.75,28.65,0.0,1108.08,-2.9
67.33,-0.14,7.3,7.78,0.1,0.06,0.04,0.08,878.03,28.65,0.0,1108.32,-2.83
67.34,-0.2,7.26,7.79,0.09,0.08,0.06,0.07,883.96,28.65,0.0,1108.64,-2.7
67.35,-0.24,7.23,7.81,0.07,0.09,0.08,0.07,888.17,28.65,0.0,1108.98,-2.53
67.36,-0.25,7.22,7.83,0.06,0.08,0.08,0.08,890.09,28.65,0.0,1109.28,-2.33
67.37,-0.2,7.25,7.84,0.04,0.07,0.09,0.1,891.96,28.66,0.0,1109.48,-2.16
67.38,-0.12,7.32,7.8,0.02,0.05,0.11,0.12,895.99,28.66,0.0,1109.57,-2.04
67.39,-0.02,7.43,7.73,0.0,0.03,0.14,0.14,901.39,28.66,0.0,1109.57,-1.97
67.4,0.04,7.55,7.67,-0.01,0.01,0.16,0.15,904.79,28.67,0.0,1109.5,-1.98
67.41,0.05,7.67,7.65,-0.01,0.0,0.14,0.15,903.65,28.67,0.0,1109.39,-2.05
67.42,-0.0,7.77,7.68,-0.0,0.0,0.09,0.14,899.19,28.67,0.0,1109.25,-2.17
67.43,-0.1,7.81,7.74,0.01,0.01,0.03,0.14,895.72,28.68,0.0,1109.01,-2.3
67.44,-0.21,7.79,7.83,0.03,0.02,-0.05,0.15,896.66,28.68,0.0,1108.62,-2.44
67.45,-0.3,7.7,7.91,0.06,0.03,-0.11,0.17,901.71,28.67,0.0,1108.16,-2.56
67.46,-0.35,7.59,7.95,0.07,0.04,-0.14,0.2,908.02,28.67,0.0,1107.8,-2.62
67.47,-0.35,7.47,7.95,0.08,0.06,-0.12,0.21,912.93,28.66,0.0,1107.66,-2.61
67.48,-0.29,7.37,7.92,0.09,0.07,-0.06,0.21,915.05,28.65,0.0,1107.71,-2.54
67.49,-0.22,7.28,7.85,0.08,0.07,0.01,0.2,913.83,28.64,0.0,1107.83,-2.45
67.5,-0.15,7.2,7.78,0.08,0.07,0.08,0.18,909.67,28.64,0.0,1107.89,-2.36
67.51,-0.1,7.14,7.71,0.06,0.07,0.12,0.17,904.25,28.64,0.0,1107.9,-2.29
67.52,-0.09,7.13,7.66,0.05,0.06,0.12,0.15,899.79,28.64,0.0,1107.9,-2.25
67.53,-0.12,7.16,7.63,0.03,0.04,0.09,0.13,897.7,28.65,0.0,1107.99,-2.24
67.54,-0.17,7.23,7.62,0.01,0.03,0.03,0.12,897.97,28.66,0.0,1108.13,-2.26
67.55,-0.21,7.32,7.63,-0.0,0.01,-0.04,0.12,899.66,28.66,0.0,1108.23,-2.31
67.56,-0.23,7.39,7.66,-0.01,-0.01,-0.09,0.13,901.75,28.67,0.0,1108.22,-2.37
67.57,-0.21,7.43,7.71,-0.0,-0.02,-0.12,0.14,903.55,28.67,0.0,1108.14,-2.45
67.58,-0.15,7.43,7.76,0.01,-0.02,-0.12,0.15,904.88,28.67,0.0,1108.15,-2.5
67.59,-0.07,7.38,7.8,0.04,-0.02,-0.09,0.14,905.85,28.66,0.0,1108.35,-2.5
67.6,0.02,7.3,7.84,0.06,-0.0,-0.03,0.13,905.71,28.66,0.0,1108.66,-2.47
67.61,0.06,7.24,7.85,0.08,0.01,0.02,0.11,902.28,28.66,0.0,1108.79,-2.39
67.62,0.03,7.22,7.83,0.09,0.04,0.06,0.07,894.23,28.66,0.0,1108.51,-2.28
67.63,-0.06,7.25,7.79,0.09,0.06,0.07,0.03,884.21,28.67,0.0,1107.93,-2.17
67.64,-0.16,7.3,7.74,0.09,0.08,0.07,0.02,877.92,28.68,0.0,1107.29,-2.13
67.65,-0.23,7.35,7.7,0.08,0.09,0.04,0.03,879.26,28.68,0.0,1106.84,-2.19
67.66,-0.25,7.4,7.69,0.06,0.08,0.01,0.06,886.64,28.68,0.0,1106.65,-2.33
67.67,-0.23,7.46,7.69,0.05,0.07,-0.02,0.1,894.64,28.67,0.0,1106.64,-2.51
67.68,-0.16,7.53,7.71,0.03,0.05,-0.03,0.14,898.73,28.67,0.0,1106.73,-2.7
67.69,-0.08,7.6,7.74,0.01,0.03,-0.02,0.17,898.28,28.67,0.0,1106.83,-2.84
67.7,-0.03,7.64,7.77,-0.01,0.02,-0.01,0.17,895.83,28.67,0.0,1106.9,-2.9
67.71,-0.05,7.64,7.81,-0.01,0.0,-0.0,0.16,894.15,28.66,0.0,1106.94,-2.85
67.72,-0.12,7.6,7.84,-0.0,-0.0,-0.0,0.13,894.42,28.65,0.0,1106.98,-2.73
67.73,-0.2,7.54,7.86,0.01,0.0,0.0,0.09,896.55,28.65,0.0,1107.12,-2.58
67.74,-0.25,7.48,7.86,0.03,0.01,0.02,0.06,899.89,28.65,0.0,1107.43,-2.44
67.75,-0.27,7.44,7.84,0.05,0.02,0.05,0.04,903.83,28.65,0.0,1107.83,-2.34
67.76,-0.24,7.43,7.81,0.06,0.04,0.09,0.02,908.61,28.66,0.0,1108.21,-2.29
67.77,-0.19,7.45,7.76,0.08,0.06,0.12,0.01,914.48,28.66,0.0,1108.48,-2.28
67.78,-0.12,7.48,7.72,0.08,0.07,0.14,0.01,920.28,28.67,0.0,1108.58,-2.32
67.79,-0.08,7.49,7.7,0.08,0.08,0.14,0.02,923.72,28.66,0.0,1108.51,-2.38
67.8,-0.07,7.46,7.7,0.07,0.08,0.12,0.05,923.44,28.66,0.0,1108.29,-2.45
67.81,-0.11,7.38,7.72,0.06,0.07,0.09,0.07,919.79,28.66,0.0,1107.99,-2.52
67.82,-0.16,7.29,7.74,0.05,0.06,0.06,0.1,913.74,28.65,0.0,1107.68,-2.56
67.83,-0.2,7.23,7.75,0.03,0.04,0.05,0.12,906.43,28.66,0.0,1107.42,-2.57
67.84,-0.23,7.2,7.75,0.01,0.02,0.05,0.12,899.78,28.66,0.0,1107.24,-2.55
67.85,-0.23,7.19,7.75,-0.0,-0.0,0.05,0.12,896.16,28.67,0.0,1107.14,-2.51
67.86,-0.18,7.2,7.74,-0.01,-0.01,0.06,0.12,896.76,28.67,0.0,1107.1,-2.47
67.87,-0.12,7.21,7.73,-0.01,-0.02,0.06,0.12,899.66,28.67,0.0,1107.09,-2.44
67.88,-0.07,7.24,7.73,0.01,-0.01,0.06,0.12,900.13,28.67,0.0,1107.03,-2.4
67.89,-0.06,7.29,7.73,0.03,0.0,0.06,0.11,894.8,28.67,0.0,1106.89,-2.36
67.9,-0.09,7.35,7.74,0.05,0.02,0.05,0.09,885.41,28.68,0.0,1106.72,-2.32
67.91,-0.15,7.4,7.76,0.07,0.04,0.05,0.07,877.47,28.68,0.0,1106.67,-2.31
67.92,-0.23,7.45,7.79,0.09,0.05,0.05,0.05,875.27,28.68,0.0,1106.85,-2.33
67.93,-0.29,7.48,7.83,0.09,0.07,0.05,0.04,878.61,28.67,0.0,1107.22,-2.39
67.94,-0.32,7.5,7.86,0.09,0.08,0.06,0.05,883.98,28.66,0.0,1107.67,-2.46
67.95,-0.3,7.52,7.85,0.09,0.08,0.07,0.08,887.98,28.65,0.0,1108.1,-2.54
67.96,-0.23,7.53,7.82,0.08,0.07,0.09,0.11,889.91,28.65,0.0,1108.44,-2.59
67.97,-0.15,7.52,7.77,0.06,0.06,0.1,0.15,891.9,28.66,0.0,1108.68,-2.6
67.98,-0.08,7.48,7.7,0.04,0.05,0.1,0.17,896.08,28.66,0.0,1108.85,-2.55
67.99,-0.03,7.43,7.63,0.02,0.03,0.08,0.19,901.59,28.67,0.0,1108.94,-2.46
68.0,-0.02,7.39,7.58,0.0,0.01,0.07,0.19,905.04,28.67,0.0,1108.98,-2.33
68.01,-0.06,7.39,7.58,-0.01,0.0,0.07,0.2,903.89,28.67,0.0,1108.97,-2.2
68.02,-0.12,7.42,7.62,-0.0,-0.01,0.07,0.2,899.38,28.67,0.0,1108.91,-2.08
68.03,-0.19,7.47,7.68,0.01,-0.01,0.07,0.19,895.85,28.67,0.0,1108.84,-2.03
68.04,-0.23,7.53,7.75,0.03,-0.0,0.04,0.17,896.73,28.67,0.0,1108.76,-2.07
68.05,-0.24,7.59,7.81,0.05,0.0,-0.01,0.13,901.74,28.67,0.0,1108.69,-2.2
68.06,-0.22,7.62,7.83,0.07,0.02,-0.05,0.11,908.05,28.66,0.0,1108.65,-2.4
68.07,-0.17,7.62,7.82,0.08,0.04,-0.07,0.09,912.99,28.66,0.0,1108.64,-2.64
68.08,-0.11,7.58,7.78,0.08,0.06,-0.07,0.1,915.16,28.65,0.0,1108.62,-2.88
68.09,-0.06,7.51,7.73,0.08,0.08,-0.05,0.11,913.99,28.65,0.0,1108.49,-3.03
68.1,-0.03,7.41,7.68,0.07,0.08,-0.02,0.14,909.83,28.65,0.0,1108.19,-3.05
68.11,-0.03,7.31,7.66,0.06,0.08,0.01,0.17,904.38,28.65,0.0,1107.81,-2.96
68.12,-0.06,7.22,7.65,0.04,0.06,0.04,0.19,899.89,28.66,0.0,1107.54,-2.8
68.13,-0.11,7.18,7.68,0.03,0.04,0.06,0.19,897.79,28.66,0.0,1107.51,-2.6
68.14,-0.15,7.17,7.72,0.01,0.03,0.08,0.17,898.08,28.66,0.0,1107.67,-2.42
68.15,-0.17,7.2,7.77,-0.0,0.02,0.09,0.14,899.91,28.66,0.0,1107.87,-2.26
68.16,-0.16,7.27,7.82,-0.01,0.01,0.11,0.12,902.27,28.67,0.0,1107.93,-2.13
68.17,-0.13,7.35,7.86,0.0,0.0,0.11,0.1,904.41,28.67,0.0,1107.88,-2.05
68.18,-0.11,7.43,7.89,0.02,0.0,0.11,0.07,906.08,28.68,0.0,1107.82,-2.09
68.19,-0.1,7.47,7.9,0.04,0.01,0.09,0.04,907.3,28.68,0.0,1107.9,-2.25
68.2,-0.12,7.49,7.9,0.06,0.02,0.06,-0.0,907.62,28.67,0.0,1108.05,-2.49
68.21,-0.15,7.5,7.89,0.07,0.04,0.04,-0.03,905.69,28.67,0.0,1108.07,-2.7
68.22,-0.19,7.53,7.86,0.09,0.06,0.04,-0.04,900.73,28.67,0.0,1107.79,-2.8
68.23,-0.22,7.55,7.81,0.09,0.08,0.05,-0.03,894.56,28.67,0.0,1107.28,-2.79
68.24,-0.22,7.56,7.77,0.09,0.09,0.07,-0.0,891.08,28.67,0.0,1106.67,-2.69
68.25,-0.17,7.52,7.71,0.08,0.1,0.09,0.04,892.93,28.67,0.0,1106.1,-2.56
68.26,-0.11,7.45,7.67,0.07,0.1,0.1,0.08,898.61,28.67,0.0,1105.71,-2.45
68.27,-0.05,7.37,7.66,0.05,0.08,0.1,0.12,903.47,28.67,0.0,1105.63,-2.36
68.28,-0.04,7.32,7.69,0.03,0.06,0.09,0.15,903.84,28.67,0.0,1105.89,-2.3
68.29,-0.06,7.3,7.76,0.01,0.03,0.07,0.18,900.02,28.66,0.0,1106.35,-2.27
68.3,-0.13,7.32,7.81,-0.0,0.01,0.04,0.19,895.33,28.66,0.0,1106.78,-2.3
68.31,-0.21,7.4,7.81,-0.01,-0.01,-0.01,0.19,892.81,28.66,0.0,1107.01,-2.4
68.32,-0.3,7.5,7.78,-0.0,-0.02,-0.06,0.17,893.34,28.66,0.0,1107.06,-2.54
68.33,-0.34,7.59,7.74,0.01,-0.02,-0.1,0.14,896.32,28.66,0.0,1107.18,-2.67
68.34,-0.32,7.64,7.69,0.03,-0.0,-0.11,0.12,900.58,28.67,0.0,1107.59,-2.79
68.35,-0.26,7.65,7.66,0.05,0.01,-0.09,0.09,905.12,28.67,0.0,1108.18,-2.85
68.36,-0.16,7.61,7.65,0.07,0.03,-0.04,0.09,909.72,28.67,0.0,1108.66,-2.81
68.37,-0.07,7.51,7.67,0.08,0.05,0.04,0.11,914.48,28.67,0.0,1108.8,-2.66
68.38,0.01,7.39,7.69,0.09,0.07,0.12,0.16,918.65,28.67,0.0,1108.6,-2.45
68.39,0.03,7.27,7.72,0.09,0.08,0.18,0.21,920.73,28.68,0.0,1108.29,-2.25
68.4,-0.0,7.19,7.73,0.08,0.08,0.22,0.25,919.86,28.67,0.0,1108.05,-2.14
68.41,-0.08,7.14,7.73,0.07,0.07,0.23,0.28,916.68,28.67,0.0,1107.93,-2.12
68.42,-0.15,7.13,7.73,0.06,0.06,0.22,0.28,912.52,28.66,0.0,1107.79,-2.15
68.43,-0.21,7.14,7.74,0.03,0.04,0.21,0.27,908.56,28.65,0.0,1107.51,-2.22
68.44,-0.23,7.17,7.77,0.01,0.03,0.2,0.24,905.72,28.64,0.0,1107.14,-2.29
68.45,-0.21,7.19,7.8,-0.0,0.01,0.18,0.2,904.67,28.64,0.0,1106.89,-2.39
68.46,-0.13,7.21,7.83,-0.01,0.0,0.13,0.18,905.52,28.63,0.0,1106.91,-2.53
68.47,-0.05,7.22,7.86,-0.01,-0.01,0.08,0.17,906.71,28.63,0.0,1107.16,-2.7
68.48,0.01,7.24,7.87,0.0,-0.01,0.03,0.15,904.85,28.63,0.0,1107.43,-2.83
68.49,0.01,7.27,7.87,0.02,-0.0,-0.01,0.11,897.72,28.63,0.0,1107.55,-2.88
68.5,-0.04,7.31,7.86,0.04,0.01,-0.03,0.07,887.74,28.63,0.0,1107.53,-2.85
68.51,-0.11,7.34,7.84,0.05,0.03,-0.02,0.04,880.81,28.63,0.0,1107.57,-2.76
68.52,-0.18,7.37,7.81,0.06,0.05,0.01,0.04,881.18,28.63,0.0,1107.82,-2.62
68.53,-0.22,7.38,7.78,0.07,0.07,0.06,0.06,887.57,28.63,0.0,1108.24,-2.47
68.54,-0.23,7.38,7.76,0.07,0.08,0.1,0.1,894.69,28.63,0.0,1108.63,-2.34
68.55,-0.19,7.39,7.75,0.07,0.08,0.11,0.14,897.97,28.63,0.0,1108.83,-2.28
68.56,-0.13,7.39,7.75,0.06,0.07,0.08,0.17,896.9,28.62,0.0,1108.83,-2.27
68.57,-0.09,7.39,7.74,0.05,0.06,0.04,0.18,894.23,28.62,0.0,1108.71,-2.34
68.58,-0.08,7.4,7.71,0.03,0.04,-0.02,0.18,892.83,28.63,0.0,1108.58,-2.47
68.59,-0.12,7.42,7.68,0.01,0.03,-0.07,0.17,893.71,28.64,0.0,1108.53,-2.62
68.6,-0.17,7.45,7.65,-0.01,0.02,-0.11,0.15,896.49,28.64,0.0,1108.65,-2.72
68.61,-0.22,7.5,7.66,-0.01,0.01,-0.12,0.13,900.26,28.65,0.0,1108.98,-2.72
68.62,-0.25,7.56,7.71,-0.01,-0.0,-0.11,0.11,904.37,28.65,0.0,1109.4,-2.63
68.63,-0.25,7.6,7.76,0.01,-0.01,-0.07,0.09,909.1,28.65,0.0,1109.65,-2.48
68.64,-0.22,7.61,7.8,0.02,-0.01,-0.02,0.09,914.81,28.65,0.0,1109.56,-2.31
68.65,-0.17,7.6,7.83,0.04,-0.01,0.03,0.09,920.42,28.64,0.0,1109.21,-2.16
68.66,-0.13,7.56,7.83,0.06,0.0,0.05,0.1,923.72,28.63,0.0,1108.84,-2.1
68.67,-0.11,7.5,7.81,0.07,0.02,0.05,0.12,923.36,28.62,0.0,1108.62,-2.16
68.68,-0.11,7.44,7.79,0.08,0.04,0.03,0.14,919.69,28.61,0.0,1108.61,-2.31
68.69,-0.12,7.39,7.77,0.08,0.05,0.01,0.16,913.68,28.61,0.0,1108.69,-2.52
68.7,-0.15,7.36,7.77,0.07,0.07,0.0,0.18,906.44,28.61,0.0,1108.75,-2.75
68.71,-0.17,7.35,7.78,0.06,0.07,0.02,0.18,899.85,28.61,0.0,1108.76,-2.95
68.72,-0.18,7.32,7.79,0.05,0.07,0.05,0.18,896.28,28.62,0.0,1108.82,-3.07
68.73,-0.17,7.26,7.82,0.03,0.05,0.09,0.19,896.89,28.62,0.0,1108.99,-3.11
68.74,-0.15,7.18,7.83,0.01,0.03,0.11,0.2,899.78,28.62,0.0,1109.25,-3.06
68.75,-0.12,7.11,7.84,-0.01,0.02,0.11,0.2,900.22,28.62,0.0,1109.52,-2.92
68.76,-0.1,7.09,7.83,-0.01,-0.0,0.08,0.2,894.85,28.62,0.0,1109.74,-2.7
68.77,-0.08,7.1,7.81,-0.01,-0.01,0.03,0.2,885.43,28.62,0.0,1109.89,-2.45
68.78,-0.09,7.16,7.78,0.01,-0.02,-0.01,0.18,877.48,28.62,0.0,1109.98,-2.24
68.79,-0.13,7.25,7.75,0.03,-0.01,-0.01,0.14,875.28,28.62,0.0,1110.06,-2.09
68.8,-0.18,7.34,7.73,0.05,0.01,0.01,0.1,878.62,28.63,0.0,1110.09,-2.04
68.81,-0.22,7.43,7.73,0.07,0.03,0.03,0.06,883.99,28.63,0.0,1109.97,-2.07
68.82,-0.23,7.5,7.74,0.08,0.05,0.04,0.04,887.97,28.64,0.0,1109.62,-2.19
68.83,-0.21,7.55,7.75,0.09,0.08,0.03,0.04,889.87,28.64,0.0,1109.15,-2.35
68.84,-0.15,7.56,7.75,0.09,0.09,0.04,0.05,891.83,28.64,0.0,1108.73,-2.51
68.85,-0.08,7.55,7.73,0.08,0.1,0.07,0.07,896.0,28.64,0.0,1108.53,-2.65
68.86,-0.01,7.51,7.68,0.07,0.09,0.13,0.08,901.53,28.64,0.0,1108.55,-2.74
68.87,0.03,7.48,7.63,0.05,0.08,0.17,0.09,904.99,28.63,0.0,1108.72,-2.74
68.88,0.01,7.45,7.59,0.03,0.06,0.18,0.1,903.84,28.63,0.0,1108.95,-2.63
68.89,-0.06,7.45,7.57,0.01,0.04,0.14,0.1,899.32,28.62,0.0,1109.18,-2.45
68.9,-0.15,7.46,7.57,-0.01,0.02,0.08,0.11,895.81,28.61,0.0,1109.45,-2.26
68.91,-0.23,7.49,7.59,-0.01,0.0,0.01,0.12,896.76,28.61,0.0,1109.78,-2.11
68.92,-0.29,7.52,7.63,-0.01,-0.01,-0.06,0.13,901.85,28.62,0.0,1110.12,-2.03
68.93,-0.3,7.56,7.66,-0.0,-0.02,-0.08,0.13,908.22,28.62,0.0,1110.35,-2.05
68.94,-0.25,7.58,7.69,0.01,-0.01,-0.05,0.11,913.16,28.62,0.0,1110.4,-2.21
68.95,-0.17,7.59,7.7,0.03,-0.0,0.02,0.07,915.29,28.63,0.0,1110.26,-2.43
68.96,-0.1,7.59,7.7,0.05,0.01,0.09,0.03,914.06,28.63,0.0,1109.99,-2.63
68.97,-0.06,7.56,7.7,0.07,0.03,0.13,0.01,909.88,28.63,0.0,1109.62,-2.77
68.98,-0.06,7.51,7.71,0.08,0.05,0.14,0.01,904.43,28.64,0.0,1109.25,-2.81
68.99,-0.1,7.45,7.71,0.09,0.06,0.12,0.03,899.96,28.64,0.0,1109.02,-2.75
69.0,-0.17,7.37,7.73,0.08,0.07,0.08,0.05,897.85,28.64,0.0,1108.98,-2.6
69.01,-0.24,7.29,7.74,0.07,0.08,0.03,0.08,898.12,28.65,0.0,1109.09,-2.41
69.02,-0.28,7.24,7.76,0.06,0.07,-0.0,0.1,899.91,28.65,0.0,1109.2,-2.21
69.03,-0.28,7.22,7.78,0.03,0.07,-0.01,0.13,902.21,28.66,0.0,1109.2,-2.04
69.04,-0.23,7.23,7.79,0.01,0.05,-0.0,0.15,904.31,28.66,0.0,1109.09,-1.92
69.05,-0.16,7.26,7.79,-0.01,0.04,0.01,0.16,905.94,28.66,0.0,1108.93,-1.89
69.06,-0.08,7.29,7.76,-0.01,0.03,0.02,0.15,907.14,28.66,0.0,1108.76,-1.99
69.07,-0.03,7.31,7.72,-0.01,0.01,0.03,0.13,907.06,28.64,0.0,1108.67,-2.16
69.08,-0.01,7.35,7.68,0.0,0.0,0.03,0.11,903.22,28.63,0.0,1108.72,-2.39
69.09,-0.05,7.42,7.66,0.02,0.0,0.02,0.08,894.18,28.62,0.0,1108.94,-2.64
69.1,-0.12,7.51,7.65,0.04,0.01,0.01,0.06,882.92,28.62,0.0,1109.27,-2.85
69.11,-0.18,7.57,7.66,0.05,0.03,0.0,0.05,875.89,28.63,0.0,1109.55,-2.97
69.12,-0.21,7.59,7.67,0.07,0.04,0.0,0.04,877.46,28.63,0.0,1109.69,-2.97
69.13,-0.19,7.55,7.7,0.08,0.06,0.01,0.03,885.83,28.64,0.0,1109.69,-2.87
69.14,-0.15,7.49,7.72,0.08,0.08,0.03,0.03,894.85,28.64,0.0,1109.62,-2.71
69.15,-0.09,7.43,7.73,0.08,0.09,0.06,0.02,899.34,28.64,0.0,1109.56,-2.53
69.16,-0.05,7.38,7.75,0.06,0.09,0.09,0.01,898.67,28.62,0.0,1109.55,-2.36
69.17,-0.05,7.36,7.75,0.04,0.08,0.11,0.01,895.81,28.61,0.0,1109.65,-2.25
69.18,-0.11,7.39,7.75,0.02,0.07,0.12,0.02,893.99,28.6,0.0,1109.86,-2.21
69.19,-0.22,7.45,7.75,0.0,0.05,0.12,0.05,894.47,28.59,0.0,1110.1,-2.24
69.2,-0.31,7.52,7.75,-0.01,0.02,0.1,0.07,897.03,28.59,0.0,1110.2,-2.34
69.21,-0.36,7.58,7.75,-0.02,0.01,0.06,0.08,900.84,28.6,0.0,1110.05,-2.5
69.22,-0.35,7.63,7.75,-0.01,-0.01,0.02,0.09,905.05,28.6,0.0,1109.73,-2.68
69.23,-0.27,7.65,7.77,-0.01,-0.02,0.0,0.09,909.51,28.61,0.0,1109.49,-2.79
69.24,-0.13,7.66,7.8,0.01,-0.01,0.03,0.08,914.3,28.61,0.0,1109.49,-2.78
69.25,0.02,7.64,7.83,0.03,-0.01,0.09,0.06,918.6,28.62,0.0,1109.72,-2.68
69.26,0.12,7.6,7.85,0.05,0.01,0.15,0.06,920.83,28.62,0.0,1110.05,-2.57
69.27,0.13,7.52,7.84,0.07,0.03,0.19,0.06,920.09,28.61,0.0,1110.33,-2.49
69.28,0.07,7.42,7.82,0.08,0.05,0.2,0.07,916.78,28.6,0.0,1110.49,-2.47
69.29,-0.04,7.3,7.78,0.09,0.07,0.19,0.08,911.74,28.59,0.0,1110.46,-2.47
69.3,-0.16,7.19,7.73,0.08,0.08,0.18,0.09,905.83,28.58,0.0,1110.27,-2.45
69.31,-0.26,7.1,7.69,0.07,0.08,0.16,0.1,900.55,28.57,0.0,1109.99,-2.42
69.32,-0.29,7.05,7.66,0.05,0.08,0.13,0.11,897.74,28.56,0.0,1109.73,-2.43
69.33,-0.24,7.05,7.64,0.03,0.06,0.09,0.11,898.32,28.56,0.0,1109.54,-2.5
69.34,-0.14,7.1,7.62,0.01,0.05,0.04,0.11,900.63,28.56,0.0,1109.46,-2.62
69.35,-0.05,7.18,7.62,-0.01,0.03,0.0,0.1,900.62,28.57,0.0,1109.52,-2.72
69.36,-0.01,7.26,7.65,-0.02,0.01,-0.02,0.1,895.42,28.58,0.0,1109.69,-2.74
69.37,-0.04,7.34,7.7,-0.02,-0.0,-0.03,0.09,886.72,28.58,0.0,1109.94,-2.69
69.38,-0.12,7.39,7.75,-0.0,-0.01,-0.02,0.09,879.51,28.58,0.0,1110.22,-2.56
69.39,-0.21,7.42,7.79,0.02,-0.01,-0.01,0.08,877.66,28.58,0.0,1110.52,-2.4
69.4,-0.29,7.42,7.81,0.04,0.0,0.01,0.07,880.78,28.58,0.0,1110.79,-2.23
69.41,-0.31,7.41,7.82,0.05,0.02,0.03,0.07,885.38,28.58,0.0,1110.95,-2.09
69.42,-0.28,7.41,7.82,0.07,0.04,0.08,0.09,888.16,28.57,0.0,1110.99,-2.01
69.43,-0.2,7.42,7.82,0.08,0.06,0.13,0.11,888.84,28.56,0.0,1110.91,-1.98
69.44,-0.12,7.42,7.81,0.08,0.07,0.17,0.13,890.18,28.56,0.0,1110.74,-2.02
69.45,-0.07,7.43,7.77,0.08,0.08,0.19,0.15,894.68,28.56,0.0,1110.52,-2.12
69.46,-0.07,7.44,7.71,0.07,0.08,0.17,0.16,901.75,28.57,0.0,1110.29,-2.26
69.47,-0.11,7.46,7.67,0.06,0.08,0.14,0.18,908.75,28.58,0.0,1110.04,-2.43
69.48,-0.18,7.52,7.65,0.03,0.07,0.1,0.19,913.48,28.58,0.0,1109.78,-2.62
69.49,-0.26,7.6,7.65,0.01,0.06,0.05,0.21,915.58,28.57,0.0,1109.55,-2.78
69.5,-0.3,7.66,7.65,-0.0,0.05,0.03,0.22,916.43,28.56,0.0,1109.44,-2.85
69.51,-0.3,7.69,7.64,-0.01,0.03,0.03,0.21,917.56,28.55,0.0,1109.51,-2.8
69.52,-0.25,7.68,7.61,-0.01,0.02,0.05,0.19,919.16,28.55,0.0,1109.71,-2.65
69.53,-0.18,7.62,7.6,0.01,0.01,0.08,0.16,920.25,28.55,0.0,1109.92,-2.48
69.54,-0.1,7.53,7.65,0.02,0.01,0.12,0.14,919.93,28.55,0.0,1110.05,-2.34
69.55,-0.03,7.43,7.72,0.04,0.02,0.14,0.12,917.95,28.55,0.0,1110.06,-2.25
69.56,0.0,7.34,7.79,0.06,0.03,0.15,0.12,914.04,28.56,0.0,1109.89,-2.22
69.57,-0.0,7.28,7.83,0.07,0.05,0.13,0.11,908.33,28.57,0.0,1109.54,-2.22
69.58,-0.04,7.25,7.83,0.08,0.07,0.11,0.11,902.19,28.58,0.0,1109.13,-2.24
69.59,-0.09,7.23,7.81,0.09,0.08,0.09,0.11,897.65,28.59,0.0,1108.86,-2.32
69.6,-0.14,7.2,7.79,0.08,0.09,0.07,0.09,895.96,28.6,0.0,1108.86,-2.46
69.61,-0.17,7.15,7.78,0.06,0.09,0.06,0.07,896.08,28.6,0.0,1109.09,-2.63
69.62,-0.18,7.12,7.76,0.04,0.09,0.06,0.06,894.77,28.61,0.0,1109.42,-2.74
69.63,-0.14,7.11,7.75,0.02,0.07,0.08,0.08,889.56,28.61,0.0,1109.71,-2.75
69.64,-0.08,7.13,7.72,-0.0,0.05,0.12,0.12,881.91,28.61,0.0,1109.86,-2.67
69.65,-0.03,7.16,7.69,-0.02,0.03,0.14,0.15,876.25,28.6,0.0,1109.77,-2.52
69.66,-0.02,7.19,7.66,-0.02,0.01,0.15,0.16,875.92,28.6,0.0,1109.41,-2.33
69.67,-0.05,7.23,7.63,-0.01,-0.0,0.14,0.16,880.25,28.6,0.0,1108.91,-2.16
69.68,-0.1,7.27,7.61,0.0,-0.01,0.11,0.13,885.73,28.6,0.0,1108.49,-2.07
69.69,-0.15,7.31,7.62,0.02,-0.0,0.06,0.1,889.18,28.6,0.0,1108.29,-2.09
69.7,-0.18,7.35,7.65,0.04,0.01,0.02,0.08,890.28,28.59,0.0,1108.32,-2.2
69.71,-0.17,7.4,7.69,0.05,0.02,-0.01,0.07,891.53,28.6,0.0,1108.48,-2.35
69.72,-0.12,7.47,7.73,0.07,0.04,-0.02,0.09,895.28,28.6,0.0,1108.65,-2.52
69.73,-0.05,7.55,7.77,0.08,0.05,-0.0,0.11,900.7,28.61,0.0,1108.75,-2.66
69.74,-0.01,7.61,7.8,0.09,0.06,0.03,0.13,904.29,28.61,0.0,1108.7,-2.74
69.75,-0.01,7.63,7.83,0.08,0.07,0.07,0.14,903.38,28.61,0.0,1108.48,-2.75
69.76,-0.08,7.63,7.85,0.07,0.07,0.11,0.14,899.12,28.61,0.0,1108.17,-2.71
69.77,-0.17,7.59,7.84,0.05,0.07,0.12,0.13,895.8,28.61,0.0,1107.94,-2.61
69.78,-0.28,7.52,7.79,0.03,0.06,0.11,0.12,896.87,28.61,0.0,1107.89,-2.48
69.79,-0.36,7.43,7.73,0.01,0.05,0.08,0.12,902.02,28.61,0.0,1108.0,-2.34
69.8,-0.39,7.35,7.67,-0.01,0.03,0.06,0.13,908.4,28.62,0.0,1108.12,-2.24
69.81,-0.36,7.3,7.65,-0.02,0.01,0.06,0.14,913.34,28.63,0.0,1108.16,-2.18
69.82,-0.27,7.28,7.66,-0.01,-0.01,0.08,0.15,915.47,28.64,0.0,1108.12,-2.18
69.83,-0.17,7.27,7.7,-0.01,-0.02,0.11,0.14,914.27,28.64,0.0,1108.16,-2.21
69.84,-0.07,7.26,7.75,0.01,-0.03,0.13,0.11,910.16,28.64,0.0,1108.41,-2.29
69.85,-0.01,7.25,7.8,0.03,-0.02,0.13,0.07,904.81,28.64,0.0,1108.84,-2.37
69.86,0.0,7.26,7.83,0.04,-0.0,0.12,0.04,900.38,28.63,0.0,1109.41,-2.46
69.87,-0.04,7.3,7.83,0.06,0.02,0.11,0.04,898.26,28.62,0.0,1110.05,-2.54
69.88,-0.12,7.34,7.8,0.08,0.04,0.11,0.06,898.4,28.62,0.0,1110.61,-2.6
69.89,-0.19,7.37,7.76,0.08,0.07,0.1,0.09,899.85,28.61,0.0,1110.85,-2.6
69.9,-0.24,7.37,7.73,0.08,0.08,0.09,0.1,901.54,28.61,0.0,1110.66,-2.53
69.91,-0.24,7.32,7.7,0.07,0.09,0.08,0.1,902.99,28.6,0.0,1110.14,-2.41
69.92,-0.2,7.24,7.69,0.06,0.09,0.08,0.1,904.42,28.6,0.0,1109.51,-2.28
69.93,-0.12,7.14,7.7,0.04,0.08,0.09,0.11,906.18,28.59,0.0,1108.96,-2.15
69.94,-0.03,7.04,7.71,0.02,0.07,0.1,0.12,907.2,28.59,0.0,1108.57,-2.06
69.95,0.03,7.0,7.72,0.0,0.05,0.1,0.13,904.46,28.59,0.0,1108.39,-2.03
69.96,0.02,7.04,7.73,-0.0,0.03,0.08,0.12,896.07,28.59,0.0,1108.37,-2.07
69.97,-0.04,7.13,7.73,-0.0,0.02,0.04,0.1,884.87,28.59,0.0,1108.48,-2.17
69.98,-0.11,7.26,7.72,0.01,0.0,0.02,0.08,877.25,28.6,0.0,1108.7,-2.31
69.99,-0.18,7.4,7.7,0.02,-0.0,0.02,0.07,877.71,28.6,0.0,1109.02,-2.49
70.0,-0.2,7.51,7.68,0.04,-0.0,0.03,0.07,884.84,28.6,0.0,1109.39,-2.66
70.01,-0.19,7.61,7.67,0.06,0.01,0.05,0.08,893.11,28.6,0.0,1109.77,-2.75
70.02,-0.13,7.7,7.67,0.08,0.03,0.04,0.09,897.73,28.59,0.0,1110.15,-2.72
70.03,-0.06,7.77,7.68,0.09,0.05,0.01,0.1,897.84,28.58,0.0,1110.5,-2.6
70.04,-0.03,7.78,7.7,0.1,0.07,-0.02,0.1,895.83,28.58,0.0,1110.82,-2.43
70.05,-0.07,7.72,7.72,0.09,0.09,-0.02,0.07,894.41,28.58,0.0,1111.11,-2.26
70.06,-0.15,7.6,7.73,0.08,0.09,-0.01,0.04,894.77,28.59,0.0,1111.34,-2.12
70.07,-0.25,7.48,7.74,0.07,0.09,0.02,0.03,896.87,28.6,0.0,1111.4,-2.04
70.08,-0.31,7.38,7.72,0.04,0.08,0.05,0.04,900.12,28.6,0.0,1111.22,-2.05
70.09,-0.32,7.33,7.7,0.02,0.06,0.08,0.08,903.88,28.59,0.0,1110.91,-2.13
70.1,-0.28,7.33,7.69,0.01,0.05,0.09,0.13,908.22,28.59,0.0,1110.63,-2.23
70.11,-0.21,7.38,7.71,-0.0,0.03,0.08,0.16,913.26,28.58,0.0,1110.51,-2.34
70.12,-0.12,7.45,7.76,-0.0,0.01,0.05,0.17,918.06,28.58,0.0,1110.52,-2.44
70.13,-0.05,7.51,7.81,0.0,-0.01,0.02,0.16,920.81,28.58,0.0,1110.43,-2.53
70.14,-0.02,7.55,7.83,0.01,-0.01,0.0,0.14,920.42,28.57,0.0,1110.1,-2.62
70.15,-0.03,7.55,7.82,0.02,-0.0,-0.01,0.12,917.23,28.57,0.0,1109.57,-2.7
70.16,-0.08,7.52,7.8,0.03,0.01,-0.01,0.1,911.97,28.58,0.0,1109.03,-2.74
70.17,-0.15,7.47,7.76,0.05,0.04,-0.01,0.07,905.52,28.58,0.0,1108.67,-2.71
70.18,-0.21,7.4,7.73,0.06,0.06,-0.01,0.06,899.59,28.58,0.0,1108.5,-2.63
70.19,-0.25,7.33,7.72,0.07,0.08,-0.0,0.06,896.44,28.59,0.0,1108.5,-2.55
70.2,-0.23,7.23,7.73,0.07,0.09,0.02,0.09,897.24,28.6,0.0,1108.55,-2.48
70.21,-0.18,7.14,7.77,0.06,0.09,0.04,0.14,900.14,28.6,0.0,1108.63,-2.46
70.22,-0.13,7.09,7.79,0.04,0.09,0.06,0.18,900.5,28.61,0.0,1108.71,-2.49
70.23,-0.11,7.07,7.79,0.02,0.07,0.08,0.2,895.03,28.61,0.0,1108.8,-2.59
70.24,-0.12,7.11,7.76,-0.0,0.05,0.07,0.21,885.53,28.62,0.0,1108.89,-2.72
70.25,-0.16,7.18,7.74,-0.02,0.03,0.05,0.2,877.52,28.62,0.0,1108.98,-2.82
70.26,-0.21,7.28,7.73,-0.02,0.01,0.0,0.18,875.29,28.62,0.0,1109.06,-2.86
70.27,-0.27,7.39,7.76,-0.02,-0.01,-0.06,0.17,878.62,28.61,0.0,1109.11,-2.83
70.28,-0.29,7.5,7.79,-0.01,-0.02,-0.09,0.14,883.97,28.61,0.0,1109.16,-2.72
70.29,-0.26,7.61,7.81,0.0,-0.02,-0.07,0.1,887.93,28.61,0.0,1109.2,-2.53
70.3,-0.19,7.7,7.83,0.02,-0.01,-0.02,0.06,889.79,28.61,0.0,1109.2,-2.32
70.31,-0.11,7.73,7.83,0.04,-0.0,0.02,0.02,891.74,28.61,0.0,1109.05,-2.15
70.32,-0.04,7.7,7.83,0.06,0.02,0.04,-0.01,895.9,28.62,0.0,1108.67,-2.07
70.33,0.01,7.62,7.82,0.08,0.04,0.03,-0.03,901.43,28.62,0.0,1108.14,-2.09
70.34,0.01,7.52,7.82,0.09,0.06,-0.01,-0.02,904.92,28.62,0.0,1107.57,-2.2
70.35,-0.04,7.42,7.81,0.09,0.08,-0.05,-0.01,903.8,28.61,0.0,1107.07,-2.36
70.36,-0.12,7.34,7.8,0.08,0.09,-0.09,0.01,899.31,28.61,0.0,1106.72,-2.54
70.37,-0.21,7.31,7.8,0.06,0.09,-0.11,0.03,895.82,28.6,0.0,1106.58,-2.7
70.38,-0.26,7.32,7.78,0.04,0.08,-0.12,0.04,896.77,28.61,0.0,1106.67,-2.81
70.39,-0.28,7.37,7.77,0.01,0.07,-0.12,0.04,901.88,28.61,0.0,1106.9,-2.86
70.4,-0.24,7.42,7.74,-0.0,0.05,-0.11,0.04,908.25,28.62,0.0,1107.15,-2.84
70.41,-0.16,7.46,7.7,-0.01,0.03,-0.11,0.04,913.2,28.63,0.0,1107.3,-2.77
70.42,-0.06,7.47,7.65,-0.01,0.01,-0.11,0.05,915.33,28.63,0.0,1107.38,-2.65
70.43,0.02,7.46,7.61,-0.0,-0.01,-0.09,0.07,914.15,28.64,0.0,1107.53,-2.5
70.44,0.05,7.43,7.61,0.01,-0.02,-0.06,0.08,910.06,28.63,0.0,1107.86,-2.33
70.45,0.03,7.39,7.63,0.03,-0.01,-0.0,0.1,904.73,28.63,0.0,1108.35,-2.17
70.46,-0.02,7.36,7.66,0.05,0.0,0.05,0.12,900.36,28.62,0.0,1108.95,-2.06
70.47,-0.09,7.33,7.7,0.07,0.02,0.11,0.12,898.3,28.62,0.0,1109.6,-2.02
70.48,-0.14,7.32,7.72,0.08,0.05,0.15,0.12,898.51,28.61,0.0,1110.18,-2.07
70.49,-0.18,7.32,7.73,0.09,0.07,0.18,0.11,900.02,28.61,0.0,1110.55,-2.19
70.5,-0.18,7.33,7.73,0.09,0.08,0.21,0.08,901.76,28.61,0.0,1110.64,-2.37
70.51,-0.15,7.33,7.73,0.08,0.09,0.23,0.06,903.22,28.6,0.0,1110.48,-2.56
70.52,-0.13,7.33,7.71,0.07,0.09,0.25,0.05,904.64,28.6,0.0,1110.15,-2.66
70.53,-0.13,7.32,7.68,0.04,0.08,0.26,0.08,906.35,28.6,0.0,1109.71,-2.62
70.54,-0.14,7.31,7.65,0.02,0.07,0.25,0.12,907.7,28.61,0.0,1109.28,-2.46
70.55,-0.16,7.32,7.64,0.0,0.06,0.23,0.16,906.78,28.61,0.0,1109.0,-2.24
70.56,-0.18,7.36,7.65,-0.01,0.04,0.16,0.17,902.36,28.61,0.0,1108.94,-2.01
70.57,-0.2,7.42,7.69,-0.01,0.02,0.08,0.16,896.14,28.61,0.0,1109.07,-1.84
70.58,-0.18,7.47,7.73,-0.01,0.01,0.02,0.14,892.04,28.61,0.0,1109.28,-1.77
70.59,-0.13,7.52,7.75,0.0,0.01,-0.0,0.14,892.87,28.61,0.0,1109.48,-1.83
70.6,-0.06,7.54,7.76,0.02,0.01,0.01,0.15,897.5,28.62,0.0,1109.65,-1.99
70.61,-0.01,7.53,7.76,0.04,0.03,0.03,0.16,901.83,28.62,0.0,1109.86,-2.22
70.62,-0.01,7.49,7.74,0.06,0.04,0.04,0.15,902.47,28.62,0.0,1110.18,-2.48
70.63,-0.07,7.44,7.72,0.08,0.06,0.02,0.13,899.5,28.61,0.0,1110.57,-2.7
70.64,-0.16,7.41,7.69,0.09,0.08,0.0,0.11,895.56,28.6,0.0,1110.88,-2.82
70.65,-0.27,7.39,7.65,0.09,0.09,0.01,0.1,893.18,28.59,0.0,1111.03,-2.79
70.66,-0.36,7.4,7.62,0.08,0.09,0.04,0.11,893.24,28.59,0.0,1111.01,-2.65
70.67,-0.4,7.42,7.61,0.07,0.09,0.08,0.12,895.48,28.59,0.0,1110.88,-2.46
70.68,-0.38,7.43,7.63,0.04,0.08,0.12,0.13,899.08,28.6,0.0,1110.71,-2.28
70.69,-0.3,7.44,7.66,0.02,0.07,0.14,0.13,903.25,28.6,0.0,1110.58,-2.15
70.7,-0.18,7.42,7.72,0.0,0.06,0.14,0.12,907.93,28.6,0.0,1110.53,-2.08
70.71,-0.07,7.37,7.77,-0.01,0.04,0.1,0.11,913.2,28.6,0.0,1110.6,-2.05
70.72,0.02,7.31,7.83,-0.01,0.02,0.04,0.1,918.12,28.6,0.0,1110.73,-2.08
70.73,0.06,7.27,7.85,-0.0,0.01,-0.01,0.08,920.9,28.6,0.0,1110.77,-2.21
70.74,0.03,7.26,7.85,0.01,0.01,-0.03,0.07,920.5,28.59,0.0,1110.64,-2.45
70.75,-0.04,7.27,7.82,0.03,0.01,-0.02,0.06,917.52,28.59,0.0,1110.33,-2.75
70.76,-0.13,7.3,7.78,0.05,0.02,0.02,0.05,913.34,28.59,0.0,1109.86,-3.03
70.77,-0.2,7.34,7.74,0.07,0.03,0.07,0.06,909.26,28.59,0.0,1109.28,-3.23
70.78,-0.23,7.37,7.7,0.08,0.04,0.12,0.08,906.25,28.59,0.0,1108.7,-3.31
70.79,-0.22,7.36,7.68,0.1,0.05,0.14,0.09,905.05,28.59,0.0,1108.32,-3.25
70.8,-0.15,7.33,7.68,0.1,0.06,0.12,0.1,905.77,28.6,0.0,1108.23,-3.04
70.81,-0.06,7.27,7.69,0.09,0.06,0.07,0.09,906.79,28.61,0.0,1108.4,-2.77
70.82,0.0,7.21,7.71,0.07,0.07,0.02,0.1,904.51,28.62,0.0,1108.7,-2.53
70.83,-0.0,7.18,7.73,0.05,0.06,0.02,0.12,896.57,28.62,0.0,1109.04,-2.38
70.84,-0.06,7.17,7.75,0.02,0.05,0.04,0.15,885.66,28.61,0.0,1109.33,-2.34
70.85,-0.14,7.2,7.76,0.0,0.04,0.08,0.18,878.32,28.6,0.0,1109.58,-2.36
70.86,-0.21,7.24,7.77,-0.01,0.02,0.12,0.2,879.18,28.6,0.0,1109.83,-2.43
70.87,-0.23,7.29,7.77,-0.01,0.0,0.14,0.2,886.76,28.6,0.0,1110.03,-2.5
70.88,-0.22,7.35,7.78,-0.01,-0.01,0.14,0.19,895.12,28.6,0.0,1110.11,-2.57
70.89,-0.16,7.43,7.78,0.0,-0.02,0.12,0.17,899.21,28.61,0.0,1110.02,-2.65
70.9,-0.1,7.51,7.79,0.02,-0.01,0.08,0.14,898.31,28.61,0.0,1109.77,-2.73
70.91,-0.06,7.57,7.79,0.04,0.0,0.06,0.11,895.23,28.62,0.0,1109.41,-2.74
70.92,-0.07,7.59,7.77,0.05,0.02,0.05,0.11,893.03,28.62,0.0,1108.96,-2.66
70.93,-0.13,7.57,7.75,0.07,0.03,0.06,0.13,893.12,28.63,0.0,1108.48,-2.52
70.94,-0.21,7.54,7.73,0.08,0.05,0.06,0.15,895.7,28.63,0.0,1108.0,-2.39
70.95,-0.26,7.52,7.72,0.08,0.06,0.05,0.15,900.21,28.63,0.0,1107.5,-2.32
70.96,-0.29,7.51,7.73,0.08,0.07,0.02,0.14,905.59,28.62,0.0,1107.06,-2.32
70.97,-0.29,7.5,7.73,0.06,0.07,-0.0,0.12,911.14,28.62,0.0,1106.8,-2.37
70.98,-0.25,7.49,7.72,0.04,0.07,-0.01,0.09,916.5,28.61,0.0,1106.79,-2.44
70.99,-0.19,7.47,7.7,0.02,0.06,-0.01,0.06,920.8,28.61,0.0,1106.99,-2.51
71.0,-0.14,7.42,7.66,0.0,0.05,-0.0,0.05,922.61,28.61,0.0,1107.32,-2.6
71.01,-0.12,7.36,7.64,-0.01,0.03,0.0,0.04,921.27,28.61,0.0,1107.68,-2.71
71.02,-0.12,7.3,7.62,-0.01,0.02,-0.0,0.05,917.41,28.61,0.0,1108.01,-2.83
71.03,-0.14,7.27,7.61,-0.01,0.0,-0.01,0.07,911.99,28.61,0.0,1108.3,-2.83
71.04,-0.16,7.3,7.62,0.0,-0.01,-0.02,0.08,905.92,28.61,0.0,1108.55,-2.67
71.05,-0.17,7.37,7.64,0.02,-0.01,-0.02,0.1,900.64,28.62,0.0,1108.77,-2.39
71.06,-0.17,7.42,7.68,0.04,0.0,-0.02,0.11,897.9,28.63,0.0,1108.95,-2.11
71.07,-0.15,7.41,7.72,0.06,0.02,-0.01,0.1,898.54,28.63,0.0,1109.09,-1.91
71.08,-0.12,7.35,7.76,0.07,0.04,0.0,0.08,900.77,28.64,0.0,1109.2,-1.84
71.09,-0.09,7.27,7.78,0.08,0.05,0.02,0.08,900.36,28.64,0.0,1109.25,-1.9
71.1,-0.07,7.18,7.78,0.08,0.07,0.04,0.09,894.32,28.64,0.0,1109.25,-2.07
71.11,-0.06,7.12,7.75,0.07,0.08,0.06,0.11,884.61,28.63,0.0,1109.19,-2.3
71.12,-0.08,7.1,7.71,0.06,0.08,0.08,0.14,876.75,28.63,0.0,1109.09,-2.52
71.13,-0.12,7.13,7.69,0.03,0.07,0.09,0.16,874.96,28.63,0.0,1108.96,-2.69
71.14,-0.17,7.18,7.68,0.02,0.05,0.1,0.16,878.75,28.63,0.0,1108.81,-2.79
71.15,-0.2,7.26,7.68,0.0,0.03,0.11,0.15,884.22,28.63,0.0,1108.59,-2.82
71.16,-0.2,7.34,7.67,-0.01,0.01,0.11,0.12,887.74,28.64,0.0,1108.28,-2.76
71.17,-0.16,7.42,7.67,-0.01,-0.01,0.1,0.09,888.84,28.64,0.0,1107.97,-2.66
71.18,-0.1,7.49,7.67,-0.0,-0.02,0.09,0.06,890.27,28.63,0.0,1107.85,-2.53
71.19,-0.02,7.54,7.68,0.01,-0.02,0.06,0.04,894.62,28.63,0.0,1108.01,-2.38
71.2,0.05,7.58,7.7,0.02,-0.01,0.03,0.03,900.91,28.63,0.0,1108.42,-2.26
71.21,0.08,7.6,7.73,0.04,-0.0,0.0,0.03,905.18,28.62,0.0,1108.95,-2.19
71.22,0.04,7.61,7.75,0.06,0.02,-0.01,0.02,904.42,28.62,0.0,1109.5,-2.17
71.23,-0.04,7.61,7.77,0.07,0.05,-0.02,0.02,899.79,28.63,0.0,1109.98,-2.21
71.24,-0.15,7.59,7.79,0.09,0.06,0.01,0.03,895.84,28.63,0.0,1110.35,-2.31
71.25,-0.24,7.55,7.8,0.09,0.07,0.06,0.06,896.26,28.63,0.0,1110.63,-2.44
71.26,-0.31,7.5,7.81,0.08,0.07,0.12,0.11,901.02,28.63,0.0,1110.8,-2.59
71.27,-0.33,7.45,7.81,0.07,0.07,0.17,0.15,907.61,28.62,0.0,1110.78,-2.68
71.28,-0.29,7.42,7.78,0.05,0.06,0.2,0.18,913.5,28.61,0.0,1110.56,-2.7
71.29,-0.22,7.42,7.75,0.02,0.05,0.2,0.2,916.93,28.61,0.0,1110.19,-2.63
71.3,-0.14,7.41,7.72,-0.0,0.03,0.18,0.19,916.6,28.61,0.0,1109.8,-2.51
71.31,-0.08,7.39,7.69,-0.02,0.02,0.12,0.16,912.39,28.62,0.0,1109.49,-2.34
71.32,-0.06,7.36,7.68,-0.02,0.0,0.06,0.12,906.1,28.62,0.0,1109.28,-2.18
71.33,-0.07,7.34,7.69,-0.02,-0.0,0.01,0.09,900.49,28.63,0.0,1109.17,-2.11
71.34,-0.1,7.34,7.74,-0.01,-0.0,-0.03,0.06,897.47,28.63,0.0,1109.13,-2.17
71.35,-0.14,7.36,7.79,0.01,0.0,-0.05,0.03,897.22,28.62,0.0,1109.11,-2.33
71.36,-0.17,7.38,7.83,0.03,0.02,-0.06,0.03,898.84,28.61,0.0,1109.05,-2.54
71.37,-0.19,7.39,7.82,0.05,0.03,-0.07,0.05,901.15,28.6,0.0,1108.92,-2.74
71.38,-0.18,7.38,7.77,0.07,0.05,-0.06,0.08,903.29,28.6,0.0,1108.73,-2.89
71.39,-0.16,7.34,7.72,0.08,0.06,-0.03,0.11,904.93,28.6,0.0,1108.53,-2.96
71.4,-0.14,7.27,7.69,0.08,0.07,0.06,0.14,906.06,28.6,0.0,1108.34,-2.96
71.41,-0.13,7.19,7.7,0.08,0.08,0.17,0.15,905.95,28.6,0.0,1108.23,-2.9
71.42,-0.14,7.15,7.71,0.07,0.08,0.27,0.16,902.43,28.6,0.0,1108.28,-2.79
71.43,-0.16,7.19,7.72,0.04,0.08,0.33,0.15,894.23,28.61,0.0,1108.56,-2.66
71.44,-0.2,7.27,7.72,0.02,0.07,0.33,0.14,884.05,28.61,0.0,1108.97,-2.53
71.45,-0.21,7.36,7.71,0.0,0.06,0.28,0.13,877.65,28.6,0.0,1109.38,-2.44
71.46,-0.17,7.41,7.7,-0.01,0.04,0.19,0.11,878.95,28.6,0.0,1109.67,-2.38
71.47,-0.1,7.41,7.7,-0.02,0.02,0.08,0.09,886.36,28.6,0.0,1109.81,-2.37
71.48,-0.04,7.4,7.72,-0.01,0.01,-0.01,0.08,894.44,28.61,0.0,1109.79,-2.39
71.49,-0.01,7.4,7.75,-0.0,0.0,-0.09,0.08,898.6,28.62,0.0,1109.67,-2.41
71.5,-0.02,7.43,7.79,0.01,0.01,-0.14,0.1,898.2,28.63,0.0,1109.47,-2.44
71.51,-0.07,7.48,7.82,0.03,0.01,-0.15,0.11,895.81,28.64,0.0,1109.23,-2.5
71.52,-0.16,7.54,7.83,0.05,0.03,-0.12,0.12,894.19,28.64,0.0,1108.94,-2.6
71.53,-0.26,7.6,7.81,0.06,0.04,-0.06,0.12,894.51,28.63,0.0,1108.65,-2.71
71.54,-0.33,7.65,7.78,0.08,0.05,-0.0,0.12,896.69,28.62,0.0,1108.37,-2.79
71.55,-0.34,7.67,7.76,0.08,0.07,0.04,0.12,900.07,28.62,0.0,1108.11,-2.77
71.56,-0.29,7.67,7.74,0.08,0.08,0.06,0.12,904.03,28.62,0.0,1107.89,-2.68
71.57,-0.21,7.65,7.72,0.07,0.08,0.07,0.13,908.82,28.62,0.0,1107.7,-2.55
71.58,-0.11,7.61,7.69,0.05,0.08,0.06,0.14,914.69,28.62,0.0,1107.53,-2.43
71.59,-0.03,7.57,7.65,0.03,0.07,0.05,0.16,920.47,28.61,0.0,1107.4,-2.32
71.6,0.02,7.51,7.61,0.01,0.06,0.04,0.17,923.89,28.61,0.0,1107.37,-2.27
71.61,0.01,7.45,7.6,-0.0,0.04,0.02,0.19,923.55,28.61,0.0,1107.46,-2.25
71.62,-0.04,7.39,7.61,-0.01,0.02,0.01,0.2,919.85,28.61,0.0,1107.66,-2.27
71.63,-0.11,7.33,7.63,-0.01,0.01,0.0,0.19,913.78,28.62,0.0,1107.96,-2.34
71.64,-0.17,7.28,7.66,0.0,-0.0,-0.02,0.17,906.52,28.63,0.0,1108.33,-2.45
71.65,-0.21,7.24,7.69,0.02,-0.0,-0.04,0.15,899.95,28.63,0.0,1108.73,-2.56
71.66,-0.21,7.23,7.7,0.03,0.0,-0.05,0.12,896.41,28.64,0.0,1109.09,-2.62
71.67,-0.16,7.24,7.7,0.05,0.02,-0.04,0.09,897.05,28.65,0.0,1109.4,-2.59
71.68,-0.09,7.27,7.69,0.07,0.04,-0.01,0.08,899.94,28.65,0.0,1109.62,-2.47
71.69,-0.05,7.3,7.69,0.09,0.05,0.03,0.08,900.36,28.65,0.0,1109.73,-2.33
71.7,-0.05,7.33,7.7,0.09,0.07,0.07,0.1,894.96,28.65,0.0,1109.72,-2.19
71.71,-0.1,7.34,7.73,0.09,0.09,0.11,0.13,885.49,28.65,0.0,1109.63,-2.1
71.72,-0.17,7.32,7.75,0.07,0.09,0.11,0.16,877.49,28.64,0.0,1109.46,-2.07
71.73,-0.25,7.29,7.76,0.05,0.09,0.08,0.18,875.27,28.65,0.0,1109.26,-2.09
71.74,-0.3,7.24,7.75,0.03,0.08,0.02,0.18,878.58,28.65,0.0,1109.04,-2.14
71.75,-0.31,7.22,7.74,0.01,0.06,-0.04,0.18,883.86,28.66,0.0,1108.8,-2.2
71.76,-0.27,7.22,7.73,-0.0,0.04,-0.07,0.16,887.66,28.66,0.0,1108.53,-2.26
71.77,-0.2,7.25,7.73,-0.01,0.02,-0.07,0.14,889.34,28.66,0.0,1108.31,-2.3
71.78,-0.14,7.31,7.73,-0.01,0.01,-0.05,0.13,891.15,28.66,0.0,1108.28,-2.34
71.79,-0.11,7.39,7.74,-0.0,0.0,-0.03,0.12,895.31,28.65,0.0,1108.52,-2.38
71.8,-0.12,7.47,7.76,0.01,0.01,-0.02,0.12,901.46,28.65,0.0,1108.95,-2.43
71.81,-0.16,7.56,7.78,0.03,0.02,-0.02,0.12,907.51,28.64,0.0,1109.43,-2.44
71.82,-0.2,7.64,7.8,0.05,0.03,-0.01,0.11,911.68,28.64,0.0,1109.84,-2.41
71.83,-0.25,7.7,7.82,0.07,0.04,0.0,0.1,913.75,28.64,0.0,1110.1,-2.34
71.84,-0.27,7.72,7.82,0.08,0.06,0.02,0.08,915.04,28.64,0.0,1110.23,-2.25
71.85,-0.26,7.68,7.8,0.09,0.07,0.06,0.08,916.88,28.63,0.0,1110.27,-2.17
71.86,-0.23,7.59,7.75,0.09,0.08,0.11,0.08,919.24,28.63,0.0,1110.26,-2.1
71.87,-0.18,7.47,7.7,0.08,0.09,0.16,0.09,920.8,28.63,0.0,1110.23,-2.08
71.88,-0.14,7.33,7.67,0.06,0.08,0.21,0.12,920.52,28.63,0.0,1110.19,-2.11
71.89,-0.1,7.21,7.65,0.03,0.08,0.24,0.15,918.29,28.64,0.0,1110.12,-2.18
71.9,-0.08,7.13,7.65,0.01,0.06,0.23,0.18,914.22,28.64,0.0,1109.92,-2.28
71.91,-0.08,7.11,7.65,-0.0,0.04,0.17,0.18,908.74,28.64,0.0,1109.55,-2.42
71.92,-0.08,7.13,7.66,-0.01,0.02,0.07,0.17,903.14,28.63,0.0,1109.1,-2.54
71.93,-0.09,7.18,7.67,-0.01,0.01,-0.02,0.14,899.1,28.63,0.0,1108.76,-2.58
71.94,-0.11,7.23,7.69,0.0,0.01,-0.09,0.11,897.58,28.62,0.0,1108.67,-2.52
71.95,-0.11,7.26,7.71,0.02,0.01,-0.11,0.07,898.3,28.62,0.0,1108.8,-2.38
71.96,-0.11,7.3,7.73,0.03,0.02,-0.08,0.05,900.33,28.62,0.0,1109.01,-2.26
71.97,-0.09,7.33,7.75,0.06,0.04,-0.02,0.04,902.74,28.62,0.0,1109.18,-2.23
71.98,-0.06,7.35,7.77,0.08,0.05,0.06,0.04,904.84,28.62,0.0,1109.24,-2.28
71.99,-0.06,7.35,7.77,0.09,0.07,0.12,0.06,906.41,28.61,0.0,1109.19,-2.36
72.0,-0.09,7.33,7.75,0.1,0.08,0.15,0.09,907.5,28.61,0.0,1109.06,-2.43
72.01,-0.14,7.28,7.72,0.09,0.09,0.16,0.13,907.69,28.61,0.0,1108.9,-2.47
72.02,-0.2,7.23,7.7,0.07,0.09,0.13,0.15,905.64,28.61,0.0,1108.73,-2.54
72.03,-0.22,7.2,7.67,0.05,0.09,0.1,0.16,900.55,28.6,0.0,1108.58,-2.66
72.04,-0.21,7.2,7.66,0.03,0.08,0.06,0.15,894.23,28.6,0.0,1108.47,-2.82
72.05,-0.16,7.23,7.66,0.01,0.06,0.03,0.14,890.47,28.6,0.0,1108.48,-2.92
72.06,-0.07,7.31,7.66,-0.0,0.04,0.0,0.13,891.86,28.61,0.0,1108.62,-2.92
72.07,0.01,7.4,7.68,-0.01,0.01,-0.01,0.13,897.06,28.61,0.0,1108.87,-2.82
72.08,0.06,7.52,7.71,-0.01,-0.0,-0.02,0.13,901.8,28.61,0.0,1109.14,-2.68
72.09,0.04,7.63,7.76,-0.0,-0.01,-0.03,0.13,902.63,28.62,0.0,1109.35,-2.53
72.1,-0.03,7.72,7.81,0.01,-0.02,-0.04,0.12,900.01,28.62,0.0,1109.5,-2.43
72.11,-0.14,7.76,7.84,0.03,-0.01,-0.04,0.1,897.67,28.62,0.0,1109.59,-2.37
72.12,-0.24,7.73,7.82,0.05,0.01,-0.03,0.08,898.84,28.63,0.0,1109.65,-2.34
72.13,-0.32,7.64,7.77,0.07,0.03,-0.01,0.04,903.42,28.64,0.0,1109.7,-2.35
72.14,-0.36,7.53,7.72,0.08,0.04,0.02,0.02,908.97,28.64,0.0,1109.7,-2.39
72.15,-0.33,7.39,7.7,0.08,0.06,0.04,0.01,913.17,28.64,0.0,1109.64,-2.47
72.16,-0.27,7.27,7.71,0.08,0.06,0.06,0.02,914.83,28.64,0.0,1109.55,-2.58
72.17,-0.19,7.17,7.73,0.07,0.06,0.07,0.04,913.47,28.64,0.0,1109.45,-2.7
72.18,-0.12,7.1,7.74,0.05,0.06,0.07,0.05,909.41,28.64,0.0,1109.4,-2.8
72.19,-0.06,7.06,7.74,0.03,0.05,0.06,0.07,904.22,28.63,0.0,1109.41,-2.86
72.2,-0.05,7.06,7.74,0.01,0.04,0.05,0.08,900.0,28.63,0.0,1109.48,-2.84
72.21,-0.07,7.12,7.74,-0.01,0.02,0.06,0.1,898.07,28.62,0.0,1109.62,-2.7
72.22,-0.11,7.21,7.77,-0.01,0.0,0.07,0.12,898.4,28.61,0.0,1109.79,-2.49
72.23,-0.15,7.3,7.79,-0.01,-0.01,0.07,0.14,900.11,28.61,0.0,1109.92,-2.29
72.24,-0.18,7.38,7.82,-0.0,-0.02,0.06,0.16,902.22,28.61,0.0,1109.97,-2.14
72.25,-0.18,7.43,7.84,0.01,-0.02,0.04,0.16,904.05,28.62,0.0,1109.95,-2.09
72.26,-0.15,7.42,7.83,0.03,-0.01,0.02,0.16,905.4,28.62,0.0,1109.93,-2.16
72.27,-0.1,7.36,7.79,0.05,0.0,0.02,0.16,906.32,28.63,0.0,1109.95,-2.34
72.28,-0.04,7.26,7.72,0.06,0.02,0.03,0.15,906.01,28.64,0.0,1110.02,-2.59
72.29,-0.01,7.18,7.65,0.08,0.03,0.05,0.14,902.09,28.64,0.0,1110.1,-2.81
72.3,-0.04,7.14,7.6,0.08,0.05,0.07,0.14,893.17,28.65,0.0,1110.17,-2.94
72.31,-0.11,7.16,7.57,0.08,0.06,0.08,0.14,882.17,28.65,0.0,1110.2,-2.98
72.32,-0.18,7.2,7.56,0.07,0.07,0.07,0.15,875.42,28.65,0.0,1110.15,-2.93
72.33,-0.22,7.27,7.58,0.05,0.07,0.05,0.15,877.23,28.65,0.0,1109.99,-2.82
72.34,-0.22,7.34,7.61,0.04,0.06,0.01,0.15,885.74,28.65,0.0,1109.78,-2.68
72.35,-0.18,7.41,7.65,0.02,0.05,-0.01,0.14,894.8,28.65,0.0,1109.59,-2.52
72.36,-0.12,7.5,7.68,0.01,0.03,-0.01,0.12,899.27,28.65,0.0,1109.46,-2.33
72.37,-0.06,7.6,7.7,-0.0,0.01,0.02,0.1,898.54,28.66,0.0,1109.44,-2.15
72.38,-0.04,7.66,7.71,-0.0,-0.01,0.05,0.07,895.65,28.66,0.0,1109.6,-2.0
72.39,-0.07,7.66,7.7,0.0,-0.01,0.06,0.06,893.82,28.65,0.0,1109.96,-1.91
72.4,-0.14,7.62,7.69,0.01,-0.01,0.05,0.05,894.34,28.65,0.0,1110.43,-1.89
72.41,-0.21,7.56,7.68,0.03,0.0,0.04,0.05,896.96,28.65,0.0,1110.79,-1.95
72.42,-0.26,7.49,7.68,0.05,0.02,0.03,0.05,900.82,28.65,0.0,1110.94,-2.11
72.43,-0.27,7.44,7.68,0.07,0.03,0.03,0.05,905.06,28.65,0.0,1110.87,-2.31
72.44,-0.25,7.42,7.69,0.08,0.05,0.05,0.06,909.54,28.65,0.0,1110.69,-2.47
72.45,-0.2,7.42,7.7,0.08,0.06,0.06,0.07,914.34,28.65,0.0,1110.5,-2.55
72.46,-0.14,7.44,7.71,0.07,0.07,0.08,0.09,918.69,28.64,0.0,1110.38,-2.54
72.47,-0.11,7.44,7.73,0.06,0.08,0.1,0.11,921.16,28.64,0.0,1110.38,-2.46
72.48,-0.11,7.41,7.76,0.04,0.08,0.1,0.14,920.93,28.64,0.0,1110.51,-2.34
72.49,-0.14,7.36,7.8,0.02,0.08,0.1,0.17,918.23,28.65,0.0,1110.68,-2.22
72.5,-0.18,7.3,7.82,0.01,0.06,0.08,0.19,913.47,28.66,0.0,1110.73,-2.15
72.51,-0.22,7.24,7.84,-0.0,0.04,0.04,0.19,907.25,28.66,0.0,1110.55,-2.16
72.52,-0.24,7.19,7.83,-0.01,0.02,-0.0,0.17,901.18,28.67,0.0,1110.23,-2.23
72.53,-0.22,7.16,7.81,-0.0,-0.0,-0.05,0.15,897.51,28.67,0.0,1110.02,-2.33
72.54,-0.16,7.15,7.79,0.0,-0.01,-0.07,0.14,897.46,28.66,0.0,1110.09,-2.41
72.55,-0.09,7.16,7.77,0.01,-0.01,-0.06,0.15,899.5,28.65,0.0,1110.42,-2.46
72.56,-0.04,7.18,7.76,0.03,0.0,-0.04,0.16,899.52,28.64,0.0,1110.83,-2.45
72.57,-0.03,7.22,7.74,0.05,0.02,-0.01,0.15,894.54,28.63,0.0,1111.18,-2.39
72.58,-0.07,7.27,7.73,0.07,0.04,0.04,0.14,886.1,28.63,0.0,1111.4,-2.3
72.59,-0.13,7.31,7.73,0.09,0.06,0.07,0.11,879.15,28.63,0.0,1111.48,-2.21
72.6,-0.21,7.34,7.75,0.1,0.07,0.09,0.07,877.48,28.63,0.0,1111.46,-2.14
72.61,-0.28,7.37,7.77,0.09,0.07,0.1,0.03,880.76,28.63,0.0,1111.38,-2.11
72.62,-0.31,7.39,7.78,0.08,0.07,0.08,0.01,885.58,28.63,0.0,1111.2,-2.11
72.63,-0.29,7.43,7.76,0.06,0.07,0.03,0.03,888.73,28.63,0.0,1110.91,-2.13
72.64,-0.22,7.47,7.72,0.03,0.05,-0.03,0.06,889.79,28.63,0.0,1110.58,-2.19
72.65,-0.13,7.5,7.67,0.01,0.03,-0.09,0.09,891.15,28.63,0.0,1110.37,-2.29
72.66,-0.04,7.48,7.63,-0.0,0.01,-0.13,0.11,895.07,28.62,0.0,1110.38,-2.47
72.67,0.04,7.44,7.61,-0.01,-0.01,-0.16,0.11,900.61,28.62,0.0,1110.57,-2.67
72.68,0.06,7.41,7.6,-0.01,-0.03,-0.17,0.09,904.1,28.61,0.0,1110.77,-2.83
72.69,0.03,7.41,7.62,-0.0,-0.03,-0.17,0.08,902.77,28.61,0.0,1110.85,-2.9
72.7,-0.05,7.43,7.65,0.01,-0.02,-0.16,0.07,897.99,28.61,0.0,1110.78,-2.87
72.71,-0.14,7.49,7.67,0.03,-0.01,-0.14,0.08,894.59,28.61,0.0,1110.63,-2.77
72.72,-0.22,7.55,7.68,0.05,0.0,-0.13,0.11,896.38,28.62,0.0,1110.45,-2.62
72.73,-0.28,7.61,7.68,0.07,0.02,-0.11,0.15,902.81,28.63,0.0,1110.31,-2.46
72.74,-0.28,7.64,7.67,0.09,0.04,-0.09,0.2,910.39,28.63,0.0,1110.25,-2.32
72.75,-0.23,7.63,7.68,0.09,0.05,-0.08,0.22,915.92,28.64,0.0,1110.3,-2.2
72.76,-0.14,7.58,7.7,0.09,0.06,-0.07,0.22,917.92,28.64,0.0,1110.41,-2.12
72.77,-0.07,7.51,7.7,0.07,0.06,-0.07,0.22,915.97,28.65,0.0,1110.45,-2.14
72.78,-0.03,7.42,7.68,0.05,0.06,-0.08,0.22,910.68,28.65,0.0,1110.34,-2.26
72.79,-0.03,7.33,7.64,0.03,0.04,-0.09,0.24,904.13,28.65,0.0,1110.14,-2.45
72.8,-0.07,7.26,7.61,0.01,0.03,-0.1,0.25,899.05,28.64,0.0,1109.99,-2.64
72.81,-0.13,7.22,7.6,0.0,0.0,-0.09,0.24,897.12,28.64,0.0,1110.01,-2.76
72.82,-0.18,7.22,7.61,-0.01,-0.02,-0.07,0.22,898.11,28.64,0.0,1110.17,-2.81
72.83,-0.21,7.25,7.64,-0.01,-0.03,-0.05,0.18,900.61,28.64,0.0,1110.32,-2.79
72.84,-0.18,7.32,7.68,-0.0,-0.03,-0.04,0.13,903.18,28.64,0.0,1110.31,-2.74
72.85,-0.13,7.4,7.73,0.01,-0.01,-0.03,0.08,905.02,28.64,0.0,1110.17,-2.67
72.86,-0.08,7.47,7.77,0.02,0.0,-0.02,0.05,906.08,28.64,0.0,1110.01,-2.61
72.87,-0.05,7.5,7.81,0.04,0.03,-0.0,0.03,906.62,28.65,0.0,1109.94,-2.56
72.88,-0.05,7.51,7.84,0.06,0.05,0.03,0.03,906.45,28.65,0.0,1109.99,-2.53
72.89,-0.09,7.5,7.85,0.08,0.06,0.08,0.03,904.44,28.65,0.0,1110.12,-2.55
72.9,-0.16,7.5,7.83,0.09,0.08,0.14,0.04,899.93,28.65,0.0,1110.28,-2.62
72.91,-0.23,7.5,7.78,0.08,0.09,0.19,0.04,894.47,28.65,0.0,1110.46,-2.72
72.92,-0.27,7.5,7.74,0.07,0.09,0.23,0.06,891.5,28.65,0.0,1110.66,-2.84
72.93,-0.26,7.48,7.71,0.06,0.08,0.22,0.1,893.31,28.65,0.0,1110.92,-2.97
72.94,-0.2,7.43,7.7,0.04,0.07,0.19,0.15,898.47,28.65,0.0,1111.21,-3.06
72.95,-0.12,7.38,7.7,0.02,0.05,0.15,0.19,902.68,28.65,0.0,1111.44,-3.05
72.96,-0.08,7.33,7.72,0.0,0.02,0.15,0.21,902.57,28.65,0.0,1111.57,-2.9
72.97,-0.07,7.3,7.74,-0.01,0.0,0.16,0.21,898.58,28.66,0.0,1111.61,-2.65
72.98,-0.1,7.32,7.77,-0.01,-0.01,0.16,0.19,893.99,28.66,0.0,1111.59,-2.36
72.99,-0.18,7.39,7.79,-0.0,-0.01,0.12,0.16,891.74,28.66,0.0,1111.55,-2.09
73.0,-0.27,7.5,7.81,0.01,-0.0,0.06,0.12,892.58,28.66,0.0,1111.51,-1.88
73.01,-0.32,7.61,7.82,0.02,0.01,0.01,0.09,895.76,28.66,0.0,1111.47,-1.77
73.02,-0.32,7.68,7.83,0.05,0.03,-0.0,0.05,900.08,28.65,0.0,1111.42,-1.77
73.03,-0.27,7.71,7.84,0.07,0.04,0.03,0.01,904.55,28.65,0.0,1111.34,-1.86
73.04,-0.18,7.67,7.83,0.08,0.06,0.07,-0.0,909.11,28.65,0.0,1111.21,-2.05
73.05,-0.08,7.58,7.82,0.08,0.07,0.1,0.01,913.96,28.64,0.0,1111.02,-2.3
73.06,0.0,7.45,7.8,0.08,0.08,0.12,0.04,918.4,28.64,0.0,1110.8,-2.57
73.07,0.04,7.33,7.77,0.07,0.09,0.12,0.08,920.99,28.64,0.0,1110.59,-2.75
73.08,0.01,7.24,7.73,0.06,0.09,0.09,0.12,920.87,28.64,0.0,1110.44,-2.77
73.09,-0.07,7.19,7.69,0.04,0.08,0.06,0.16,918.46,28.65,0.0,1110.34,-2.67
73.1,-0.15,7.18,7.66,0.02,0.06,0.03,0.17,914.69,28.66,0.0,1110.27,-2.52
73.11,-0.22,7.21,7.64,0.01,0.04,0.01,0.17,910.47,28.67,0.0,1110.18,-2.38
73.12,-0.25,7.26,7.64,-0.0,0.02,-0.01,0.15,906.93,28.68,0.0,1110.13,-2.28
73.13,-0.22,7.3,7.66,-0.01,0.01,-0.02,0.13,905.25,28.68,0.0,1110.27,-2.21
73.14,-0.14,7.34,7.69,-0.0,-0.0,-0.04,0.13,905.92,28.67,0.0,1110.69,-2.16
73.15,-0.04,7.36,7.74,0.01,-0.01,-0.06,0.15,907.34,28.67,0.0,1111.31,-2.13
73.16,0.02,7.37,7.77,0.03,-0.0,-0.08,0.16,905.58,28.66,0.0,1111.92,-2.12
73.17,0.02,7.38,7.78,0.05,0.01,-0.08,0.16,898.04,28.65,0.0,1112.37,-2.14
73.18,-0.05,7.39,7.77,0.08,0.03,-0.07,0.15,887.21,28.65,0.0,1112.6,-2.2
73.19,-0.15,7.38,7.74,0.09,0.05,-0.03,0.14,879.45,28.65,0.0,1112.62,-2.25
73.2,-0.25,7.37,7.71,0.1,0.06,0.03,0.15,879.38,28.65,0.0,1112.5,-2.29
73.21,-0.34,7.34,7.67,0.09,0.08,0.11,0.16,885.83,28.64,0.0,1112.28,-2.3
73.22,-0.36,7.33,7.65,0.08,0.08,0.16,0.18,893.47,28.64,0.0,1111.92,-2.27
73.23,-0.31,7.34,7.65,0.06,0.08,0.16,0.18,897.61,28.65,0.0,1111.38,-2.2
73.24,-0.21,7.38,7.66,0.04,0.06,0.12,0.16,897.44,28.65,0.0,1110.78,-2.11
73.25,-0.12,7.42,7.67,0.02,0.04,0.06,0.14,895.35,28.65,0.0,1110.28,-2.06
73.26,-0.07,7.45,7.66,0.01,0.02,-0.01,0.13,894.0,28.64,0.0,1109.97,-2.06
73.27,-0.07,7.47,7.64,-0.01,-0.0,-0.07,0.11,894.5,28.64,0.0,1109.88,-2.12
73.28,-0.1,7.5,7.62,-0.01,-0.02,-0.09,0.11,896.77,28.63,0.0,1109.91,-2.25
73.29,-0.16,7.56,7.62,-0.01,-0.03,-0.07,0.1,900.15,28.63,0.0,1110.0,-2.44
73.3,-0.22,7.63,7.62,0.0,-0.02,-0.01,0.09,904.0,28.63,0.0,1110.09,-2.65
73.31,-0.25,7.69,7.65,0.02,-0.01,0.04,0.07,908.39,28.63,0.0,1110.17,-2.83
73.32,-0.23,7.7,7.68,0.05,0.0,0.05,0.05,913.45,28.64,0.0,1110.26,-2.94
73.33,-0.19,7.67,7.71,0.07,0.02,0.03,0.03,918.25,28.64,0.0,1110.36,-2.98
73.34,-0.15,7.6,7.73,0.09,0.03,0.01,0.02,920.98,28.64,0.0,1110.51,-2.94
73.35,-0.12,7.48,7.75,0.09,0.04,-0.01,0.02,920.56,28.64,0.0,1110.73,-2.83
73.36,-0.12,7.36,7.75,0.09,0.05,-0.01,0.02,917.39,28.65,0.0,1110.97,-2.67
73.37,-0.13,7.27,7.75,0.08,0.06,0.01,0.05,912.38,28.65,0.0,1111.17,-2.49
73.38,-0.16,7.24,7.74,0.06,0.06,0.03,0.08,906.53,28.65,0.0,1111.27,-2.32
73.39,-0.18,7.26,7.74,0.04,0.06,0.05,0.12,901.36,28.66,0.0,1111.29,-2.18
73.4,-0.19,7.28,7.73,0.02,0.05,0.06,0.16,898.7,28.66,0.0,1111.29,-2.11
73.41,-0.17,7.28,7.73,0.01,0.04,0.05,0.18,899.45,28.66,0.0,1111.36,-2.13
73.42,-0.13,7.25,7.73,-0.0,0.02,0.03,0.19,901.8,28.66,0.0,1111.46,-2.21
73.43,-0.09,7.22,7.72,-0.01,0.01,0.01,0.18,901.41,28.65,0.0,1111.52,-2.35
73.44,-0.04,7.22,7.72,-0.0,0.0,0.0,0.16,895.24,28.65,0.0,1111.49,-2.52
73.45,-0.0,7.24,7.71,0.01,0.0,0.0,0.12,885.32,28.65,0.0,1111.37,-2.68
73.46,0.0,7.29,7.72,0.02,0.01,0.0,0.1,877.48,28.66,0.0,1111.19,-2.81
73.47,-0.05,7.34,7.74,0.05,0.02,-0.02,0.09,876.11,28.66,0.0,1111.0,-2.89
73.48,-0.13,7.38,7.77,0.07,0.03,-0.05,0.1,880.58,28.65,0.0,1110.83,-2.93
73.49,-0.2,7.43,7.79,0.08,0.05,-0.07,0.12,886.6,28.65,0.0,1110.7,-2.9
73.5,-0.25,7.47,7.8,0.08,0.07,-0.06,0.14,890.21,28.65,0.0,1110.62,-2.8
73.51,-0.27,7.5,7.79,0.08,0.08,-0.02,0.15,890.91,28.64,0.0,1110.6,-2.69
73.52,-0.23,7.51,7.77,0.07,0.09,0.02,0.16,891.51,28.65,0.0,1110.63,-2.59
73.53,-0.13,7.5,7.72,0.05,0.09,0.04,0.16,894.72,28.65,0.0,1110.71,-2.56
73.54,-0.02,7.47,7.68,0.03,0.07,0.04,0.16,899.86,28.66,0.0,1110.83,-2.6
73.55,0.05,7.45,7.64,0.02,0.06,0.04,0.15,903.44,28.66,0.0,1111.0,-2.67
73.56,0.05,7.46,7.62,0.0,0.03,0.06,0.13,902.67,28.67,0.0,1111.23,-2.75
73.57,-0.02,7.48,7.61,-0.01,0.01,0.08,0.11,898.61,28.67,0.0,1111.48,-2.82
73.58,-0.13,7.52,7.63,-0.01,-0.0,0.1,0.1,895.5,28.67,0.0,1111.73,-2.82
73.59,-0.23,7.55,7.67,-0.0,-0.01,0.09,0.09,896.76,28.67,0.0,1111.97,-2.74
73.6,-0.31,7.57,7.74,0.01,-0.01,0.06,0.08,902.07,28.67,0.0,1112.18,-2.59
73.61,-0.33,7.58,7.8,0.03,-0.01,0.01,0.08,908.54,28.67,0.0,1112.35,-2.41
73.62,-0.27,7.58,7.86,0.05,0.01,-0.03,0.07,913.5,28.66,0.0,1112.51,-2.22
73.63,-0.17,7.58,7.91,0.07,0.02,-0.07,0.07,915.6,28.66,0.0,1112.62,-2.05
73.64,-0.08,7.55,7.91,0.08,0.04,-0.07,0.07,914.35,28.65,0.0,1112.68,-1.97
73.65,-0.03,7.48,7.88,0.08,0.06,-0.04,0.09,910.19,28.65,0.0,1112.65,-1.99
73.66,-0.03,7.39,7.82,0.08,0.07,0.0,0.11,904.79,28.65,0.0,1112.54,-2.09
73.67,-0.08,7.31,7.75,0.07,0.08,0.05,0.15,900.33,28.65,0.0,1112.36,-2.28
73.68,-0.16,7.25,7.7,0.06,0.08,0.07,0.2,898.17,28.65,0.0,1112.11,-2.52
73.69,-0.23,7.21,7.68,0.04,0.07,0.08,0.24,898.34,28.65,0.0,1111.8,-2.75
73.7,-0.27,7.19,7.68,0.02,0.06,0.06,0.25,900.06,28.65,0.0,1111.43,-2.91
73.71,-0.27,7.2,7.72,0.01,0.04,0.04,0.23,902.4,28.65,0.0,1110.98,-2.94
73.72,-0.22,7.21,7.76,-0.01,0.02,0.02,0.18,904.6,28.65,0.0,1110.57,-2.87
73.73,-0.16,7.21,7.79,-0.01,0.01,0.01,0.12,906.33,28.66,0.0,1110.42,-2.69
73.74,-0.1,7.22,7.79,-0.01,-0.0,0.01,0.07,907.53,28.66,0.0,1110.68,-2.45
73.75,-0.06,7.22,7.78,0.01,-0.0,0.02,0.03,907.36,28.67,0.0,1111.24,-2.18
73.76,-0.05,7.25,7.76,0.02,0.0,0.03,0.02,903.39,28.67,0.0,1111.86,-1.95
73.77,-0.1,7.32,7.77,0.05,0.01,0.03,0.01,894.22,28.68,0.0,1112.34,-1.79
73.78,-0.16,7.41,7.8,0.07,0.02,0.03,0.01,882.87,28.68,0.0,1112.61,-1.71
73.79,-0.21,7.47,7.83,0.09,0.03,0.03,0.02,875.75,28.67,0.0,1112.69,-1.74
73.8,-0.22,7.47,7.83,0.09,0.04,0.03,0.04,877.2,28.67,0.0,1112.67,-1.89
73.81,-0.2,7.42,7.82,0.08,0.05,0.03,0.07,885.45,28.67,0.0,1112.57,-2.1
73.82,-0.15,7.36,7.79,0.07,0.06,0.03,0.1,894.38,28.67,0.0,1112.39,-2.31
73.83,-0.11,7.32,7.76,0.05,0.06,0.03,0.13,898.86,28.67,0.0,1112.11,-2.5
73.84,-0.09,7.31,7.74,0.04,0.05,0.03,0.14,898.19,28.67,0.0,1111.77,-2.62
73.85,-0.11,7.34,7.73,0.02,0.04,0.03,0.14,895.21,28.67,0.0,1111.44,-2.66
73.86,-0.17,7.4,7.7,0.0,0.02,0.05,0.13,893.03,28.67,0.0,1111.19,-2.62
73.87,-0.26,7.49,7.67,-0.01,0.0,0.08,0.1,893.0,28.66,0.0,1111.01,-2.52
73.88,-0.33,7.57,7.67,-0.02,-0.01,0.1,0.09,895.13,28.66,0.0,1110.9,-2.43
73.89,-0.34,7.65,7.69,-0.01,-0.02,0.08,0.09,898.73,28.65,0.0,1110.8,-2.36
73.9,-0.31,7.7,7.75,-0.0,-0.01,0.04,0.1,903.0,28.64,0.0,1110.7,-2.33
73.91,-0.22,7.74,7.79,0.02,-0.0,-0.01,0.11,907.84,28.64,0.0,1110.55,-2.36
73.92,-0.1,7.74,7.81,0.04,0.01,-0.05,0.1,913.29,28.65,0.0,1110.34,-2.46
73.93,0.01,7.72,7.79,0.06,0.02,-0.07,0.08,918.34,28.66,0.0,1110.15,-2.59
73.94,0.08,7.66,7.76,0.08,0.03,-0.07,0.06,921.18,28.66,0.0,1110.17,-2.71
73.95,0.08,7.56,7.74,0.09,0.04,-0.03,0.04,920.73,28.67,0.0,1110.52,-2.78
73.96,0.01,7.44,7.73,0.09,0.05,0.02,0.04,917.44,28.67,0.0,1111.09,-2.8
73.97,-0.08,7.31,7.72,0.08,0.06,0.05,0.05,912.28,28.67,0.0,1111.63,-2.76
73.98,-0.18,7.19,7.7,0.06,0.06,0.06,0.08,906.28,28.67,0.0,1111.97,-2.65
73.99,-0.26,7.1,7.67,0.05,0.05,0.04,0.11,900.97,28.67,0.0,1112.05,-2.5
74.0,-0.27,7.06,7.64,0.03,0.03,-0.0,0.15,898.15,28.67,0.0,1111.95,-2.36
74.01,-0.2,7.07,7.61,0.01,0.02,-0.04,0.18,898.7,28.67,0.0,1111.75,-2.24
74.02,-0.09,7.13,7.59,0.0,-0.0,-0.07,0.2,900.85,28.67,0.0,1111.55,-2.17
74.03,-0.0,7.22,7.59,-0.01,-0.01,-0.1,0.21,900.37,28.66,0.0,1111.36,-2.16
74.04,0.02,7.33,7.61,-0.0,-0.02,-0.12,0.2,894.29,28.66,0.0,1111.2,-2.22
74.05,-0.03,7.42,7.64,0.01,-0.01,-0.14,0.19,884.54,28.66,0.0,1111.08,-2.34
74.06,-0.12,7.48,7.68,0.02,-0.01,-0.15,0.17,876.68,28.66,0.0,1111.08,-2.51
74.07,-0.22,7.5,7.72,0.05,0.01,-0.14,0.13,874.9,28.66,0.0,1111.21,-2.73
74.08,-0.3,7.47,7.75,0.07,0.02,-0.1,0.09,878.72,28.66,0.0,1111.42,-2.95
74.09,-0.33,7.43,7.77,0.08,0.03,-0.06,0.08,884.21,28.65,0.0,1111.58,-3.09
74.1,-0.29,7.37,7.77,0.09,0.05,-0.02,0.1,887.74,28.65,0.0,1111.6,-3.1
74.11,-0.21,7.33,7.75,0.09,0.05,0.03,0.14,888.82,28.66,0.0,1111.5,-3.01
74.12,-0.12,7.3,7.73,0.08,0.06,0.08,0.18,890.25,28.66,0.0,1111.39,-2.87
74.13,-0.07,7.31,7.71,0.06,0.06,0.13,0.19,894.59,28.66,0.0,1111.37,-2.73
74.14,-0.05,7.33,7.69,0.04,0.05,0.19,0.18,901.44,28.66,0.0,1111.48,-2.62
74.15,-0.08,7.39,7.67,0.03,0.04,0.22,0.16,908.36,28.66,0.0,1111.72,-2.52
74.16,-0.14,7.48,7.64,0.01,0.02,0.21,0.14,913.26,28.66,0.0,1112.08,-2.41
74.17,-0.21,7.58,7.62,-0.0,0.01,0.18,0.12,915.73,28.66,0.0,1112.49,-2.3
74.18,-0.26,7.66,7.61,-0.01,0.0,0.12,0.1,916.96,28.66,0.0,1112.85,-2.25
74.19,-0.26,7.72,7.63,-0.0,0.0,0.06,0.09,918.34,28.67,0.0,1113.1,-2.27
74.2,-0.23,7.75,7.68,0.01,0.0,-0.0,0.08,920.01,28.68,0.0,1113.22,-2.34
74.21,-0.17,7.71,7.74,0.03,0.01,-0.06,0.08,920.91,28.69,0.0,1113.2,-2.44
74.22,-0.08,7.62,7.78,0.05,0.02,-0.11,0.1,920.19,28.68,0.0,1113.05,-2.52
74.23,-0.01,7.5,7.8,0.07,0.04,-0.14,0.13,917.77,28.68,0.0,1112.83,-2.56
74.24,0.04,7.39,7.79,0.09,0.05,-0.15,0.16,913.73,28.67,0.0,1112.62,-2.57
74.25,0.03,7.3,7.75,0.09,0.07,-0.12,0.17,908.41,28.67,0.0,1112.45,-2.53
74.26,-0.02,7.25,7.69,0.09,0.07,-0.07,0.18,903.01,28.66,0.0,1112.35,-2.47
74.27,-0.09,7.21,7.63,0.08,0.08,-0.03,0.18,899.15,28.66,0.0,1112.32,-2.42
74.28,-0.16,7.19,7.6,0.06,0.07,-0.01,0.18,897.74,28.65,0.0,1112.35,-2.39
74.29,-0.21,7.17,7.58,0.04,0.06,-0.01,0.19,897.71,28.65,0.0,1112.41,-2.38
74.3,-0.22,7.16,7.58,0.03,0.04,-0.02,0.19,895.94,28.65,0.0,1112.42,-2.4
74.31,-0.18,7.18,7.6,0.01,0.03,-0.01,0.17,890.19,28.66,0.0,1112.35,-2.45
74.32,-0.11,7.21,7.62,-0.01,0.02,0.01,0.15,882.04,28.66,0.0,1112.23,-2.52
74.33,-0.05,7.25,7.63,-0.02,0.01,0.02,0.11,876.06,28.67,0.0,1112.18,-2.61
74.34,-0.04,7.3,7.63,-0.02,0.0,-0.0,0.07,875.6,28.67,0.0,1112.25,-2.7
74.35,-0.08,7.33,7.63,-0.01,0.01,-0.04,0.04,879.95,28.66,0.0,1112.48,-2.77
74.36,-0.13,7.36,7.63,0.01,0.01,-0.09,0.02,885.48,28.66,0.0,1112.88,-2.76
74.37,-0.19,7.37,7.64,0.04,0.03,-0.11,0.01,888.96,28.66,0.0,1113.46,-2.65
74.38,-0.23,7.39,7.66,0.06,0.04,-0.11,0.02,890.03,28.67,0.0,1114.08,-2.47
74.39,-0.22,7.41,7.69,0.08,0.06,-0.09,0.05,891.27,28.67,0.0,1114.52,-2.28
74.4,-0.17,7.46,7.71,0.09,0.07,-0.05,0.09,895.04,28.68,0.0,1114.67,-2.14
74.41,-0.09,7.53,7.73,0.09,0.09,-0.0,0.13,900.48,28.68,0.0,1114.52,-2.08
74.42,-0.02,7.59,7.74,0.08,0.1,0.04,0.16,903.93,28.68,0.0,1114.16,-2.12
74.43,-0.01,7.63,7.73,0.06,0.09,0.09,0.18,902.6,28.68,0.0,1113.67,-2.23
74.44,-0.05,7.65,7.73,0.05,0.09,0.12,0.18,897.75,28.68,0.0,1113.17,-2.39
74.45,-0.13,7.63,7.72,0.03,0.07,0.13,0.17,893.96,28.67,0.0,1112.69,-2.58
74.46,-0.23,7.57,7.71,0.01,0.05,0.11,0.15,894.85,28.67,0.0,1112.26,-2.78
74.47,-0.32,7.5,7.71,-0.0,0.03,0.07,0.12,900.16,28.67,0.0,1111.94,-2.94
74.48,-0.36,7.43,7.72,-0.01,0.01,0.03,0.1,906.99,28.67,0.0,1111.85,-3.02
74.49,-0.33,7.39,7.73,-0.01,-0.01,0.0,0.1,912.58,28.66,0.0,1112.06,-2.96
74.5,-0.25,7.36,7.74,0.0,-0.02,-0.0,0.11,915.33,28.66,0.0,1112.45,-2.81
74.51,-0.15,7.34,7.76,0.02,-0.02,0.01,0.11,914.43,28.65,0.0,1112.84,-2.63
74.52,-0.07,7.29,7.78,0.04,-0.01,0.02,0.11,910.13,28.65,0.0,1113.06,-2.45
74.53,-0.01,7.23,7.8,0.07,0.0,0.04,0.09,904.23,28.66,0.0,1113.11,-2.32
74.54,-0.01,7.2,7.83,0.08,0.02,0.05,0.08,899.28,28.66,0.0,1113.08,-2.28
74.55,-0.05,7.21,7.87,0.09,0.05,0.06,0.07,896.91,28.67,0.0,1113.06,-2.33
74.56,-0.12,7.26,7.91,0.09,0.07,0.05,0.08,897.18,28.67,0.0,1113.13,-2.43
74.57,-0.19,7.32,7.92,0.08,0.09,0.04,0.1,899.1,28.67,0.0,1113.32,-2.54
74.58,-0.22,7.37,7.89,0.06,0.09,0.02,0.12,901.55,28.67,0.0,1113.65,-2.61
74.59,-0.21,7.39,7.83,0.04,0.09,-0.01,0.15,903.71,28.67,0.0,1114.04,-2.63
74.6,-0.16,7.36,7.75,0.02,0.08,-0.02,0.16,905.27,28.67,0.0,1114.38,-2.62
74.61,-0.07,7.28,7.69,-0.0,0.06,-0.01,0.15,906.26,28.67,0.0,1114.58,-2.6
74.62,0.03,7.19,7.65,-0.02,0.03,0.01,0.14,905.99,28.66,0.0,1114.63,-2.57
74.63,0.09,7.13,7.64,-0.02,0.02,0.02,0.11,902.33,28.66,0.0,1114.53,-2.53
74.64,0.06,7.14,7.67,-0.02,0.01,0.02,0.09,894.04,28.66,0.0,1114.31,-2.46
74.65,-0.02,7.22,7.71,-0.0,0.0,-0.0,0.08,883.84,28.66,0.0,1114.06,-2.4
74.66,-0.12,7.34,7.75,0.02,0.01,-0.03,0.07,877.45,28.66,0.0,1113.88,-2.35
74.67,-0.2,7.46,7.79,0.04,0.02,-0.04,0.07,878.77,28.66,0.0,1113.84,-2.35
74.68,-0.23,7.57,7.81,0.06,0.03,-0.04,0.08,886.19,28.66,0.0,1113.94,-2.39
74.69,-0.21,7.66,7.81,0.08,0.05,-0.03,0.08,894.26,28.66,0.0,1114.18,-2.46
74.7,-0.15,7.73,7.8,0.08,0.06,0.01,0.09,898.39,28.66,0.0,1114.54,-2.55
74.71,-0.07,7.79,7.78,0.08,0.07,0.06,0.1,897.96,28.66,0.0,1114.92,-2.64
74.72,-0.03,7.79,7.75,0.07,0.07,0.1,0.12,895.54,28.66,0.0,1115.26,-2.7
74.73,-0.05,7.73,7.71,0.05,0.07,0.13,0.16,893.92,28.66,0.0,1115.52,-2.74
74.74,-0.12,7.63,7.67,0.03,0.06,0.14,0.2,894.26,28.66,0.0,1115.72,-2.75
74.75,-0.2,7.52,7.65,0.02,0.05,0.13,0.24,896.49,28.67,0.0,1116.0,-2.69
74.76,-0.26,7.41,7.64,0.0,0.03,0.1,0.24,899.92,28.67,0.0,1116.49,-2.57
74.77,-0.29,7.34,7.63,-0.01,0.01,0.05,0.22,903.96,28.68,0.0,1117.07,-2.4
74.78,-0.27,7.33,7.64,-0.01,0.0,0.0,0.17,908.82,28.68,0.0,1117.48,-2.24
74.79,-0.21,7.38,7.66,-0.01,-0.0,-0.06,0.12,914.78,28.69,0.0,1117.55,-2.11
74.8,-0.14,7.46,7.67,0.0,0.0,-0.12,0.07,920.65,28.69,0.0,1117.33,-2.06
74.81,-0.08,7.53,7.69,0.02,0.01,-0.16,0.03,924.12,28.7,0.0,1117.11,-2.09
74.82,-0.05,7.56,7.71,0.04,0.03,-0.18,0.01,923.8,28.7,0.0,1117.09,-2.2
74.83,-0.05,7.53,7.73,0.06,0.04,-0.18,0.01,920.08,28.69,0.0,1117.25,-2.37
74.84,-0.09,7.47,7.74,0.08,0.05,-0.14,0.03,914.02,28.69,0.0,1117.3,-2.54
74.85,-0.15,7.4,7.74,0.09,0.07,-0.06,0.06,906.8,28.68,0.0,1117.04,-2.67
74.86,-0.22,7.32,7.73,0.09,0.08,0.03,0.09,900.29,28.67,0.0,1116.51,-2.75
74.87,-0.26,7.24,7.71,0.08,0.08,0.11,0.11,896.8,28.67,0.0,1115.97,-2.78
74.88,-0.24,7.16,7.69,0.07,0.08,0.16,0.11,897.42,28.67,0.0,1115.64,-2.77
74.89,-0.19,7.1,7.66,0.05,0.07,0.16,0.1,900.23,28.67,0.0,1115.56,-2.72
74.9,-0.13,7.07,7.64,0.03,0.05,0.13,0.09,900.54,28.67,0.0,1115.67,-2.61
74.91,-0.1,7.08,7.63,0.01,0.03,0.08,0.09,895.0,28.68,0.0,1115.85,-2.42
74.92,-0.1,7.13,7.63,-0.01,0.01,0.01,0.11,885.4,28.68,0.0,1116.05,-2.2
74.93,-0.14,7.22,7.64,-0.02,-0.0,-0.04,0.12,877.3,28.68,0.0,1116.3,-2.06
74.94,-0.19,7.33,7.68,-0.01,-0.01,-0.07,0.12,875.03,28.68,0.0,1116.62,-2.05
74.95,-0.25,7.45,7.73,-0.0,-0.01,-0.09,0.12,878.33,28.67,0.0,1116.96,-2.17
74.96,-0.29,7.57,7.78,0.02,-0.0,-0.08,0.09,883.61,28.67,0.0,1117.22,-2.36
74.97,-0.27,7.67,7.82,0.04,0.01,-0.06,0.06,887.41,28.67,0.0,1117.32,-2.57
74.98,-0.21,7.74,7.84,0.06,0.02,-0.03,0.02,889.08,28.67,0.0,1117.26,-2.73
74.99,-0.14,7.76,7.84,0.08,0.04,-0.01,0.01,890.88,28.67,0.0,1117.08,-2.78
75.0,-0.07,7.7,7.82,0.09,0.05,0.0,0.03,895.05,28.67,0.0,1116.84,-2.71
75.01,-0.02,7.59,7.79,0.09,0.07,-0.0,0.07,900.71,28.68,0.0,1116.59,-2.54
75.02,-0.02,7.48,7.77,0.09,0.08,-0.0,0.12,904.36,28.68,0.0,1116.4,-2.34
75.03,-0.07,7.38,7.77,0.08,0.08,0.01,0.15,903.36,28.68,0.0,1116.29,-2.18
75.04,-0.15,7.32,7.78,0.06,0.08,0.03,0.16,898.95,28.68,0.0,1116.24,-2.07
75.05,-0.22,7.31,7.79,0.05,0.07,0.05,0.16,895.53,28.67,0.0,1116.2,-2.03
75.06,-0.27,7.35,7.79,0.03,0.05,0.06,0.16,896.61,28.67,0.0,1116.11,-2.05
75.07,-0.27,7.42,7.78,0.02,0.03,0.06,0.15,901.87,28.68,0.0,1116.01,-2.1
75.08,-0.23,7.5,7.76,0.01,0.01,0.07,0.14,908.37,28.67,0.0,1116.03,-2.22
75.09,-0.15,7.58,7.74,0.01,0.0,0.09,0.12,913.36,28.67,0.0,1116.24,-2.41
75.1,-0.05,7.62,7.72,0.02,0.0,0.12,0.08,915.46,28.66,0.0,1116.56,-2.61
75.11,0.03,7.63,7.72,0.03,0.0,0.14,0.04,914.23,28.65,0.0,1116.76,-2.77
75.12,0.05,7.61,7.72,0.05,0.01,0.13,0.02,910.13,28.65,0.0,1116.66,-2.81
75.13,0.03,7.55,7.73,0.07,0.02,0.09,0.01,904.82,28.66,0.0,1116.35,-2.76
75.14,-0.03,7.48,7.74,0.08,0.03,0.04,0.01,900.43,28.66,0.0,1116.11,-2.65
75.15,-0.11,7.4,7.73,0.09,0.05,-0.02,0.03,898.3,28.67,0.0,1116.17,-2.54
75.16,-0.2,7.32,7.71,0.09,0.07,-0.08,0.06,898.44,28.67,0.0,1116.47,-2.43
75.17,-0.25,7.27,7.69,0.08,0.09,-0.11,0.1,900.12,28.67,0.0,1116.78,-2.32
75.18,-0.25,7.24,7.68,0.07,0.1,-0.11,0.14,902.41,28.67,0.0,1116.89,-2.21
75.19,-0.2,7.24,7.68,0.05,0.09,-0.09,0.17,904.58,28.67,0.0,1116.78,-2.1
75.2,-0.15,7.25,7.67,0.03,0.08,-0.06,0.21,906.28,28.67,0.0,1116.56,-2.06
75.21,-0.11,7.28,7.66,0.02,0.05,-0.03,0.23,907.47,28.68,0.0,1116.36,-2.12
75.22,-0.1,7.32,7.64,0.0,0.03,-0.01,0.25,907.67,28.68,0.0,1116.24,-2.26
75.23,-0.11,7.38,7.64,-0.01,0.01,0.0,0.24,905.54,28.68,0.0,1116.25,-2.43
75.24,-0.14,7.46,7.66,-0.01,-0.0,-0.0,0.2,900.35,28.69,0.0,1116.38,-2.58
75.25,-0.18,7.55,7.69,-0.0,-0.0,-0.01,0.15,893.96,28.7,0.0,1116.58,-2.68
75.26,-0.19,7.62,7.73,0.02,0.0,-0.03,0.09,890.4,28.7,0.0,1116.77,-2.7
75.27,-0.16,7.63,7.76,0.04,0.01,-0.05,0.05,892.36,28.71,0.0,1116.91,-2.62
75.28,-0.11,7.59,7.77,0.06,0.02,-0.07,0.03,898.27,28.7,0.0,1117.01,-2.5
75.29,-0.06,7.52,7.77,0.08,0.04,-0.08,0.03,903.32,28.69,0.0,1117.14,-2.37
75.3,-0.05,7.44,7.75,0.08,0.05,-0.09,0.04,903.71,28.68,0.0,1117.34,-2.28
75.31,-0.08,7.38,7.71,0.08,0.07,-0.08,0.06,899.78,28.67,0.0,1117.58,-2.24
75.32,-0.15,7.35,7.66,0.08,0.09,-0.06,0.08,894.95,28.66,0.0,1117.73,-2.27
75.33,-0.25,7.37,7.61,0.06,0.09,-0.04,0.09,892.39,28.66,0.0,1117.72,-2.38
75.34,-0.34,7.42,7.56,0.05,0.09,-0.02,0.1,892.99,28.66,0.0,1117.59,-2.52
75.35,-0.39,7.49,7.54,0.03,0.07,-0.01,0.12,896.09,28.67,0.0,1117.52,-2.67
75.36,-0.37,7.54,7.56,0.02,0.05,-0.03,0.15,900.46,28.67,0.0,1117.63,-2.78
75.37,-0.29,7.58,7.62,0.0,0.02,-0.06,0.19,905.07,28.68,0.0,1117.9,-2.84
75.38,-0.18,7.58,7.69,-0.01,-0.0,-0.09,0.22,909.72,28.68,0.0,1118.18,-2.84
75.39,-0.05,7.55,7.73,-0.01,-0.02,-0.11,0.23,914.54,28.68,0.0,1118.32,-2.76
75.4,0.05,7.5,7.75,0.0,-0.02,-0.12,0.21,918.83,28.69,0.0,1118.31,-2.64
75.41,0.09,7.45,7.76,0.02,-0.02,-0.1,0.19,921.21,28.7,0.0,1118.17,-2.51
75.42,0.06,7.4,7.76,0.04,-0.01,-0.07,0.16,920.89,28.7,0.0,1117.96,-2.42
75.43,-0.01,7.36,7.78,0.06,0.0,-0.04,0.13,918.32,28.71,0.0,1117.75,-2.35
75.44,-0.11,7.33,7.78,0.08,0.02,-0.01,0.11,914.47,28.71,0.0,1117.61,-2.32
75.45,-0.19,7.32,7.77,0.09,0.04,0.03,0.12,910.26,28.71,0.0,1117.57,-2.3
75.46,-0.24,7.31,7.75,0.09,0.06,0.06,0.14,906.79,28.71,0.0,1117.62,-2.29
75.47,-0.23,7.3,7.71,0.08,0.08,0.09,0.17,905.18,28.71,0.0,1117.71,-2.33
75.48,-0.16,7.28,7.66,0.07,0.08,0.12,0.19,905.92,28.71,0.0,1117.8,-2.4
75.49,-0.06,7.25,7.61,0.06,0.08,0.16,0.2,907.35,28.71,0.0,1117.88,-2.5
75.5,0.01,7.23,7.58,0.04,0.07,0.17,0.2,905.58,28.7,0.0,1117.99,-2.55
75.51,0.01,7.23,7.59,0.02,0.05,0.16,0.18,897.99,28.7,0.0,1118.17,-2.52
75.52,-0.05,7.25,7.63,0.0,0.03,0.12,0.16,887.1,28.7,0.0,1118.38,-2.42
75.53,-0.14,7.28,7.67,-0.01,0.01,0.08,0.13,879.28,28.69,0.0,1118.55,-2.31
75.54,-0.22,7.31,7.7,-0.01,0.0,0.05,0.1,879.15,28.68,0.0,1118.63,-2.22
75.55,-0.27,7.35,7.71,0.0,-0.0,0.03,0.08,885.56,28.67,0.0,1118.63,-2.18
75.56,-0.28,7.38,7.7,0.02,-0.0,0.01,0.07,893.21,28.66,0.0,1118.65,-2.2
75.57,-0.23,7.4,7.7,0.04,-0.0,-0.02,0.07,897.43,28.66,0.0,1118.77,-2.29
75.58,-0.15,7.43,7.71,0.06,0.01,-0.06,0.09,897.35,28.66,0.0,1118.94,-2.42
75.59,-0.09,7.45,7.72,0.08,0.02,-0.08,0.11,895.26,28.66,0.0,1119.04,-2.57
75.6,-0.08,7.48,7.73,0.09,0.04,-0.08,0.13,893.77,28.67,0.0,1118.96,-2.72
75.61,-0.12,7.5,7.73,0.09,0.06,-0.05,0.15,894.03,28.68,0.0,1118.76,-2.85
75.62,-0.19,7.52,7.73,0.09,0.07,0.0,0.16,896.1,28.68,0.0,1118.61,-2.92
75.63,-0.25,7.54,7.74,0.07,0.08,0.06,0.18,899.43,28.68,0.0,1118.67,-2.93
75.64,-0.29,7.55,7.76,0.06,0.07,0.12,0.2,903.39,28.68,0.0,1118.87,-2.88
75.65,-0.29,7.54,7.78,0.04,0.06,0.15,0.22,907.96,28.67,0.0,1119.01,-2.75
75.66,-0.24,7.5,7.8,0.03,0.04,0.15,0.22,913.22,28.67,0.0,1118.93,-2.55
75.67,-0.17,7.44,7.8,0.01,0.03,0.13,0.21,918.18,28.68,0.0,1118.66,-2.32
75.68,-0.1,7.38,7.8,0.0,0.02,0.08,0.19,921.01,28.68,0.0,1118.39,-2.14
75.69,-0.07,7.33,7.79,-0.0,0.01,0.02,0.17,920.61,28.67,0.0,1118.31,-2.06
75.7,-0.07,7.31,7.77,0.01,0.01,-0.04,0.15,917.41,28.66,0.0,1118.42,-2.06
75.71,-0.09,7.31,7.75,0.02,0.01,-0.07,0.13,912.33,28.65,0.0,1118.69,-2.15
75.72,-0.11,7.33,7.73,0.04,0.02,-0.07,0.09,906.38,28.65,0.0,1119.05,-2.29
75.73,-0.13,7.35,7.72,0.06,0.03,-0.04,0.05,901.09,28.64,0.0,1119.38,-2.45
75.74,-0.14,7.35,7.7,0.07,0.04,-0.01,0.02,898.26,28.64,0.0,1119.59,-2.62
75.75,-0.13,7.3,7.67,0.08,0.06,0.02,0.01,898.75,28.65,0.0,1119.61,-2.8
75.76,-0.1,7.22,7.63,0.08,0.08,0.03,0.02,900.9,28.65,0.0,1119.5,-2.94
75.77,-0.08,7.13,7.6,0.08,0.09,0.03,0.05,900.68,28.65,0.0,1119.29,-2.98
75.78,-0.07,7.06,7.57,0.06,0.09,0.03,0.09,895.25,28.66,0.0,1119.05,-2.89
75.79,-0.07,7.04,7.56,0.05,0.09,0.03,0.15,886.33,28.66,0.0,1118.85,-2.69
75.8,-0.09,7.05,7.55,0.03,0.07,0.04,0.19,878.99,28.67,0.0,1118.73,-2.47
75.81,-0.13,7.09,7.55,0.02,0.06,0.06,0.19,877.1,28.67,0.0,1118.71,-2.29
75.82,-0.18,7.16,7.56,0.0,0.04,0.08,0.17,880.28,28.67,0.0,1118.79,-2.17
75.83,-0.21,7.24,7.59,-0.01,0.02,0.09,0.14,884.92,28.68,0.0,1118.98,-2.16
75.84,-0.2,7.33,7.64,-0.01,0.01,0.07,0.1,887.69,28.68,0.0,1119.3,-2.24
75.85,-0.15,7.42,7.7,-0.01,0.0,0.03,0.07,888.31,28.68,0.0,1119.65,-2.38
75.86,-0.09,7.51,7.75,0.01,0.0,-0.0,0.06,889.58,28.69,0.0,1119.92,-2.55
75.87,-0.02,7.58,7.79,0.03,0.0,-0.02,0.05,894.04,28.69,0.0,1120.04,-2.72
75.88,0.04,7.63,7.81,0.05,0.01,-0.01,0.06,900.57,28.7,0.0,1120.01,-2.85
75.89,0.05,7.65,7.82,0.07,0.02,0.01,0.07,904.99,28.7,0.0,1119.93,-2.9
75.9,0.01,7.65,7.81,0.08,0.03,0.05,0.09,904.14,28.69,0.0,1119.87,-2.84
75.91,-0.08,7.62,7.8,0.08,0.05,0.09,0.11,899.34,28.68,0.0,1119.83,-2.69
75.92,-0.17,7.57,7.78,0.07,0.06,0.13,0.13,895.6,28.68,0.0,1119.75,-2.5
75.93,-0.26,7.49,7.75,0.06,0.07,0.17,0.17,896.92,28.68,0.0,1119.55,-2.28
75.94,-0.32,7.41,7.71,0.04,0.07,0.2,0.19,902.94,28.69,0.0,1119.31,-2.1
75.95,-0.33,7.35,7.69,0.03,0.06,0.2,0.21,910.21,28.7,0.0,1119.18,-2.0
75.96,-0.29,7.33,7.69,0.01,0.04,0.16,0.2,915.56,28.7,0.0,1119.27,-2.01
75.97,-0.22,7.35,7.72,-0.0,0.03,0.08,0.17,917.48,28.71,0.0,1119.52,-2.1
75.98,-0.14,7.38,7.76,-0.01,0.02,0.0,0.14,915.54,28.71,0.0,1119.77,-2.26
75.99,-0.08,7.41,7.79,-0.01,0.01,-0.05,0.12,910.37,28.72,0.0,1119.85,-2.44
76.0,-0.06,7.42,7.82,0.0,0.01,-0.08,0.11,903.99,28.72,0.0,1119.76,-2.62
76.01,-0.06,7.41,7.83,0.02,0.01,-0.07,0.11,899.08,28.73,0.0,1119.55,-2.74
76.02,-0.09,7.4,7.83,0.03,0.02,-0.04,0.12,897.28,28.73,0.0,1119.3,-2.79
76.03,-0.14,7.39,7.82,0.05,0.03,0.01,0.12,898.34,28.73,0.0,1119.08,-2.77
76.04,-0.17,7.37,7.79,0.07,0.04,0.06,0.11,900.78,28.72,0.0,1118.9,-2.68
76.05,-0.17,7.35,7.75,0.08,0.06,0.1,0.09,903.16,28.72,0.0,1118.76,-2.53
76.06,-0.16,7.32,7.7,0.09,0.07,0.13,0.06,904.74,28.71,0.0,1118.71,-2.37
76.07,-0.13,7.27,7.66,0.08,0.09,0.14,0.04,905.56,28.71,0.0,1118.86,-2.25
76.08,-0.09,7.19,7.65,0.07,0.08,0.13,0.06,905.97,28.7,0.0,1119.3,-2.21
76.09,-0.07,7.12,7.65,0.06,0.08,0.12,0.1,905.36,28.7,0.0,1119.91,-2.24
76.1,-0.06,7.08,7.67,0.05,0.06,0.1,0.14,901.42,28.7,0.0,1120.45,-2.33
76.11,-0.09,7.12,7.68,0.03,0.04,0.08,0.18,892.74,28.7,0.0,1120.76,-2.47
76.12,-0.13,7.22,7.69,0.01,0.02,0.06,0.19,882.07,28.7,0.0,1120.82,-2.61
76.13,-0.16,7.33,7.69,-0.0,0.01,0.03,0.19,875.39,28.7,0.0,1120.69,-2.69
76.14,-0.15,7.42,7.68,-0.01,-0.0,0.01,0.17,876.78,28.7,0.0,1120.48,-2.67
76.15,-0.1,7.47,7.67,-0.0,-0.01,-0.02,0.15,884.58,28.69,0.0,1120.29,-2.58
76.16,-0.05,7.49,7.67,0.01,-0.01,-0.03,0.13,893.17,28.69,0.0,1120.21,-2.44
76.17,-0.01,7.48,7.69,0.03,0.0,-0.03,0.1,897.8,28.68,0.0,1120.3,-2.3
76.18,-0.01,7.46,7.73,0.05,0.01,-0.01,0.07,897.74,28.68,0.0,1120.47,-2.19
76.19,-0.05,7.45,7.76,0.07,0.03,0.02,0.05,895.53,28.67,0.0,1120.57,-2.12
76.2,-0.14,7.46,7.77,0.08,0.05,0.03,0.06,894.01,28.68,0.0,1120.48,-2.1
76.21,-0.25,7.48,7.78,0.09,0.06,0.03,0.09,894.39,28.68,0.0,1120.24,-2.14
76.22,-0.32,7.5,7.77,0.09,0.07,0.05,0.12,896.59,28.69,0.0,1120.03,-2.23
76.23,-0.34,7.51,7.77,0.08,0.08,0.08,0.14,899.99,28.69,0.0,1119.98,-2.4
76.24,-0.31,7.51,7.76,0.07,0.07,0.12,0.14,903.91,28.68,0.0,1120.11,-2.6
76.25,-0.23,7.52,7.75,0.05,0.06,0.14,0.14,908.38,28.68,0.0,1120.37,-2.75
76.26,-0.13,7.53,7.75,0.03,0.05,0.12,0.13,913.53,28.68,0.0,1120.67,-2.81
76.27,-0.03,7.55,7.74,0.01,0.03,0.06,0.12,918.41,28.69,0.0,1120.95,-2.78
76.28,0.02,7.55,7.73,-0.0,0.02,0.01,0.11,921.17,28.69,0.0,1121.1,-2.68
76.29,0.02,7.53,7.71,-0.0,0.01,-0.01,0.09,920.75,28.69,0.0,1121.1,-2.53
76.3,-0.04,7.49,7.7,0.0,0.0,0.0,0.06,917.74,28.68,0.0,1121.0,-2.39
76.31,-0.11,7.43,7.7,0.02,-0.0,0.04,0.03,913.66,28.67,0.0,1120.9,-2.26
76.32,-0.18,7.35,7.7,0.04,0.01,0.09,0.0,909.85,28.66,0.0,1120.88,-2.16
76.33,-0.23,7.27,7.71,0.06,0.02,0.11,-0.02,907.26,28.66,0.0,1120.95,-2.11
76.34,-0.24,7.22,7.71,0.07,0.04,0.11,-0.03,906.43,28.66,0.0,1121.04,-2.13
76.35,-0.19,7.2,7.7,0.08,0.06,0.08,-0.01,907.38,28.66,0.0,1121.08,-2.25
76.36,-0.12,7.22,7.67,0.09,0.08,0.02,0.04,908.42,28.66,0.0,1121.0,-2.44
76.37,-0.07,7.24,7.65,0.08,0.1,-0.0,0.09,905.94,28.67,0.0,1120.65,-2.64
76.38,-0.07,7.27,7.63,0.07,0.1,0.02,0.14,897.62,28.67,0.0,1119.96,-2.83
76.39,-0.12,7.29,7.63,0.06,0.09,0.09,0.18,885.94,28.68,0.0,1119.1,-2.97
76.4,-0.19,7.3,7.64,0.04,0.07,0.19,0.19,876.68,28.69,0.0,1118.39,-3.03
76.41,-0.26,7.31,7.66,0.02,0.05,0.28,0.18,874.04,28.69,0.0,1118.06,-3.01
76.42,-0.3,7.31,7.68,0.01,0.03,0.35,0.15,877.52,28.69,0.0,1118.12,-2.92
76.43,-0.31,7.32,7.72,-0.0,0.01,0.36,0.12,883.21,28.69,0.0,1118.45,-2.79
76.44,-0.26,7.35,7.76,-0.01,-0.0,0.3,0.09,887.44,28.69,0.0,1118.9,-2.63
76.45,-0.18,7.4,7.81,-0.0,-0.01,0.18,0.08,889.41,28.7,0.0,1119.35,-2.47
76.46,-0.11,7.44,7.85,0.01,-0.01,0.06,0.07,891.33,28.7,0.0,1119.68,-2.34
76.47,-0.07,7.48,7.86,0.03,0.01,-0.03,0.06,895.45,28.71,0.0,1119.87,-2.26
76.48,-0.07,7.52,7.85,0.05,0.02,-0.08,0.05,901.47,28.71,0.0,1119.92,-2.24
76.49,-0.1,7.56,7.82,0.07,0.04,-0.08,0.05,907.4,28.71,0.0,1119.84,-2.3
76.5,-0.17,7.62,7.78,0.08,0.06,-0.05,0.04,911.53,28.71,0.0,1119.66,-2.45
76.51,-0.24,7.68,7.75,0.08,0.07,0.0,0.04,913.63,28.71,0.0,1119.41,-2.63
76.52,-0.29,7.72,7.71,0.08,0.08,0.04,0.05,914.97,28.7,0.0,1119.09,-2.76
76.53,-0.29,7.7,7.69,0.07,0.09,0.07,0.07,916.87,28.7,0.0,1118.68,-2.76
76.54,-0.26,7.64,7.67,0.05,0.09,0.07,0.1,919.25,28.7,0.0,1118.26,-2.67
76.55,-0.21,7.54,7.65,0.04,0.07,0.06,0.13,920.81,28.7,0.0,1117.87,-2.52
76.56,-0.14,7.42,7.63,0.02,0.05,0.05,0.17,920.51,28.7,0.0,1117.57,-2.37
76.57,-0.09,7.3,7.62,0.0,0.03,0.05,0.21,918.25,28.69,0.0,1117.39,-2.27
76.58,-0.05,7.22,7.62,-0.01,0.0,0.05,0.24,914.19,28.7,0.0,1117.39,-2.2
76.59,-0.04,7.2,7.65,-0.01,-0.01,0.05,0.23,908.76,28.7,0.0,1117.57,-2.15
76.6,-0.04,7.22,7.69,-0.0,-0.02,0.05,0.21,903.24,28.71,0.0,1117.84,-2.15
76.61,-0.06,7.26,7.73,0.01,-0.01,0.04,0.16,899.28,28.71,0.0,1118.05,-2.23
76.62,-0.07,7.29,7.77,0.03,-0.01,0.03,0.1,897.78,28.72,0.0,1118.07,-2.42
76.63,-0.09,7.31,7.79,0.05,0.01,0.02,0.05,897.69,28.72,0.0,1117.94,-2.67
76.64,-0.09,7.31,7.79,0.07,0.02,0.03,0.02,895.88,28.72,0.0,1117.74,-2.86
76.65,-0.1,7.31,7.79,0.08,0.04,0.06,0.02,890.09,28.71,0.0,1117.58,-2.9
76.66,-0.1,7.3,7.77,0.09,0.06,0.11,0.06,881.92,28.69,0.0,1117.53,-2.8
76.67,-0.11,7.29,7.74,0.09,0.07,0.15,0.1,875.93,28.68,0.0,1117.64,-2.59
76.68,-0.14,7.26,7.71,0.08,0.08,0.19,0.14,875.47,28.67,0.0,1117.94,-2.32
76.69,-0.19,7.23,7.68,0.07,0.08,0.2,0.16,879.83,28.67,0.0,1118.33,-2.06
76.7,-0.23,7.21,7.66,0.05,0.07,0.19,0.17,885.36,28.67,0.0,1118.72,-1.88
76.71,-0.24,7.22,7.65,0.03,0.06,0.16,0.16,888.8,28.67,0.0,1119.02,-1.81
76.72,-0.23,7.26,7.65,0.01,0.04,0.11,0.15,889.83,28.67,0.0,1119.18,-1.85
76.73,-0.18,7.33,7.65,-0.0,0.03,0.06,0.15,891.01,28.67,0.0,1119.18,-1.95
76.74,-0.1,7.43,7.63,-0.01,0.01,0.03,0.16,894.75,28.67,0.0,1119.03,-2.09
76.75,-0.0,7.55,7.62,-0.0,0.0,0.01,0.17,900.21,28.66,0.0,1118.79,-2.24
76.76,0.05,7.65,7.61,0.01,-0.0,-0.01,0.17,903.84,28.65,0.0,1118.56,-2.38
76.77,0.04,7.74,7.64,0.03,0.0,-0.03,0.13,902.91,28.64,0.0,1118.4,-2.51
76.78,-0.04,7.78,7.69,0.05,0.02,-0.05,0.08,898.6,28.64,0.0,1118.35,-2.6
76.79,-0.14,7.79,7.75,0.07,0.03,-0.05,0.04,895.29,28.63,0.0,1118.39,-2.62
76.8,-0.26,7.73,7.79,0.08,0.05,-0.01,0.03,896.48,28.63,0.0,1118.51,-2.55
76.81,-0.36,7.65,7.8,0.09,0.07,0.06,0.05,901.85,28.63,0.0,1118.68,-2.41
76.82,-0.41,7.53,7.81,0.09,0.08,0.13,0.09,908.44,28.63,0.0,1118.91,-2.29
76.83,-0.38,7.41,7.8,0.08,0.08,0.18,0.13,913.51,28.64,0.0,1119.18,-2.22
76.84,-0.31,7.29,7.78,0.07,0.07,0.21,0.17,915.62,28.64,0.0,1119.45,-2.23
76.85,-0.21,7.19,7.77,0.05,0.06,0.21,0.19,914.21,28.64,0.0,1119.65,-2.32
76.86,-0.11,7.1,7.76,0.03,0.04,0.18,0.19,909.66,28.64,0.0,1119.74,-2.46
76.87,-0.04,7.04,7.75,0.01,0.01,0.13,0.17,903.84,28.64,0.0,1119.73,-2.63
76.88,-0.02,7.04,7.75,0.0,-0.01,0.07,0.15,899.3,28.64,0.0,1119.63,-2.77
76.89,-0.04,7.11,7.76,-0.0,-0.02,0.01,0.13,897.67,28.64,0.0,1119.46,-2.86
76.9,-0.09,7.23,7.77,0.0,-0.03,-0.03,0.12,898.73,28.64,0.0,1119.3,-2.88
76.91,-0.15,7.36,7.79,0.01,-0.03,-0.04,0.11,901.1,28.63,0.0,1119.23,-2.83
76.92,-0.18,7.46,7.8,0.03,-0.02,-0.04,0.1,903.39,28.63,0.0,1119.3,-2.68
76.93,-0.19,7.51,7.81,0.05,-0.01,-0.01,0.08,904.91,28.63,0.0,1119.47,-2.5
76.94,-0.16,7.5,7.81,0.07,0.01,0.02,0.08,905.71,28.63,0.0,1119.62,-2.33
76.95,-0.11,7.43,7.79,0.08,0.03,0.04,0.09,906.12,28.63,0.0,1119.64,-2.23
76.96,-0.06,7.32,7.77,0.08,0.05,0.06,0.12,905.56,28.64,0.0,1119.51,-2.21
76.97,-0.03,7.23,7.75,0.08,0.07,0.08,0.15,901.85,28.64,0.0,1119.14,-2.27
76.98,-0.05,7.19,7.73,0.07,0.08,0.13,0.19,893.66,28.64,0.0,1118.52,-2.41
76.99,-0.1,7.2,7.72,0.06,0.08,0.19,0.21,883.59,28.64,0.0,1117.79,-2.59
77.0,-0.16,7.25,7.72,0.04,0.08,0.23,0.23,877.31,28.64,0.0,1117.17,-2.77
77.01,-0.2,7.33,7.71,0.03,0.06,0.25,0.22,878.7,28.64,0.0,1116.8,-2.93
77.02,-0.21,7.41,7.71,0.01,0.05,0.23,0.21,886.15,28.63,0.0,1116.71,-3.04
77.03,-0.18,7.51,7.7,-0.0,0.03,0.18,0.19,894.2,28.63,0.0,1116.88,-3.09
77.04,-0.12,7.62,7.68,-0.01,0.02,0.1,0.17,898.28,28.63,0.0,1117.23,-3.06
77.05,-0.06,7.73,7.66,-0.0,0.01,0.01,0.14,897.77,28.63,0.0,1117.65,-2.97
77.06,-0.02,7.79,7.65,0.01,0.01,-0.06,0.13,895.31,28.64,0.0,1118.0,-2.84
77.07,-0.05,7.8,7.66,0.03,0.01,-0.09,0.11,893.7,28.64,0.0,1118.18,-2.68
77.08,-0.13,7.75,7.68,0.05,0.01,-0.09,0.11,894.1,28.64,0.0,1118.22,-2.54
77.09,-0.21,7.66,7.71,0.06,0.03,-0.06,0.1,896.41,28.65,0.0,1118.17,-2.43
77.1,-0.28,7.57,7.75,0.07,0.05,-0.01,0.09,899.91,28.65,0.0,1118.11,-2.37
77.11,-0.32,7.47,7.8,0.08,0.07,0.03,0.08,903.92,28.65,0.0,1118.03,-2.36
77.12,-0.31,7.4,7.82,0.08,0.09,0.07,0.08,908.45,28.65,0.0,1117.85,-2.39
77.13,-0.26,7.36,7.82,0.07,0.09,0.09,0.09,913.63,28.65,0.0,1117.49,-2.44
77.14,-0.19,7.34,7.8,0.06,0.09,0.1,0.11,918.5,28.65,0.0,1117.01,-2.5
77.15,-0.14,7.33,7.78,0.05,0.07,0.12,0.14,921.25,28.65,0.0,1116.53,-2.58
77.16,-0.11,7.32,7.77,0.03,0.05,0.14,0.16,920.8,28.65,0.0,1116.15,-2.68
77.17,-0.12,7.32,7.78,0.01,0.02,0.17,0.19,917.58,28.65,0.0,1115.91,-2.78
77.18,-0.14,7.32,7.79,-0.0,-0.0,0.21,0.2,912.54,28.65,0.0,1115.83,-2.81
77.19,-0.18,7.32,7.78,-0.01,-0.02,0.28,0.21,906.71,28.66,0.0,1115.9,-2.75
77.2,-0.2,7.31,7.78,-0.0,-0.03,0.34,0.21,901.59,28.66,0.0,1116.03,-2.61
77.21,-0.2,7.3,7.77,0.01,-0.03,0.36,0.2,898.95,28.67,0.0,1116.13,-2.46
77.22,-0.17,7.28,7.77,0.03,-0.02,0.31,0.17,899.63,28.68,0.0,1116.1,-2.35
77.23,-0.11,7.24,7.77,0.04,0.0,0.22,0.14,901.85,28.68,0.0,1115.98,-2.29
77.24,-0.07,7.22,7.77,0.06,0.03,0.1,0.11,901.31,28.68,0.0,1115.81,-2.29
77.25,-0.07,7.2,7.77,0.07,0.05,0.01,0.1,895.02,28.67,0.0,1115.66,-2.33
77.26,-0.1,7.21,7.75,0.08,0.07,-0.05,0.1,885.05,28.67,0.0,1115.6,-2.39
77.27,-0.16,7.22,7.73,0.08,0.08,-0.06,0.1,877.22,28.67,0.0,1115.77,-2.42
77.28,-0.23,7.25,7.72,0.08,0.09,-0.01,0.12,875.91,28.67,0.0,1116.21,-2.42
77.29,-0.29,7.28,7.72,0.07,0.08,0.06,0.13,880.47,28.67,0.0,1116.79,-2.38
77.3,-0.31,7.33,7.73,0.05,0.07,0.13,0.14,886.53,28.67,0.0,1117.26,-2.31
77.31,-0.28,7.4,7.73,0.03,0.05,0.17,0.14,890.11,28.67,0.0,1117.43,-2.22
77.32,-0.2,7.47,7.73,0.01,0.03,0.17,0.14,890.72,28.67,0.0,1117.32,-2.13
77.33,-0.11,7.52,7.71,-0.01,0.01,0.15,0.13,891.24,28.67,0.0,1117.1,-2.03
77.34,-0.02,7.53,7.67,-0.01,0.0,0.14,0.12,894.4,28.68,0.0,1116.91,-1.91
77.35,0.04,7.51,7.61,-0.01,-0.01,0.14,0.11,899.58,28.68,0.0,1116.8,-1.82
77.36,0.05,7.48,7.59,0.0,-0.01,0.14,0.1,903.2,28.68,0.0,1116.7,-1.82
77.37,0.0,7.45,7.62,0.02,-0.0,0.12,0.09,902.45,28.68,0.0,1116.53,-1.96
77.38,-0.09,7.43,7.69,0.05,0.01,0.1,0.09,898.39,28.67,0.0,1116.3,-2.22
77.39,-0.18,7.43,7.76,0.07,0.03,0.08,0.09,895.32,28.66,0.0,1116.11,-2.48
77.4,-0.25,7.44,7.81,0.08,0.05,0.08,0.09,896.68,28.65,0.0,1116.06,-2.68
77.41,-0.28,7.45,7.83,0.09,0.07,0.1,0.1,902.11,28.65,0.0,1116.13,-2.78
77.42,-0.27,7.47,7.81,0.09,0.09,0.14,0.12,908.69,28.65,0.0,1116.29,-2.81
77.43,-0.2,7.48,7.77,0.08,0.09,0.19,0.14,913.66,28.66,0.0,1116.46,-2.78
77.44,-0.11,7.47,7.72,0.07,0.09,0.23,0.15,915.7,28.67,0.0,1116.63,-2.72
77.45,-0.04,7.45,7.67,0.05,0.07,0.24,0.16,914.4,28.67,0.0,1116.85,-2.61
77.46,-0.0,7.4,7.63,0.03,0.06,0.21,0.16,910.27,28.68,0.0,1117.16,-2.44
77.47,-0.01,7.33,7.6,0.01,0.04,0.14,0.14,904.96,28.67,0.0,1117.48,-2.25
77.48,-0.04,7.28,7.59,-0.0,0.02,0.07,0.12,900.6,28.67,0.0,1117.65,-2.12
77.49,-0.1,7.24,7.62,-0.01,0.01,0.02,0.1,898.48,28.66,0.0,1117.57,-2.07
77.5,-0.15,7.22,7.66,-0.0,-0.0,0.01,0.1,898.61,28.65,0.0,1117.3,-2.12
77.51,-0.18,7.23,7.71,0.01,-0.01,0.03,0.09,900.17,28.65,0.0,1117.0,-2.25
77.52,-0.17,7.28,7.75,0.03,-0.01,0.08,0.1,902.23,28.65,0.0,1116.82,-2.42
77.53,-0.13,7.34,7.76,0.05,-0.0,0.12,0.1,904.09,28.66,0.0,1116.8,-2.6
77.54,-0.1,7.38,7.76,0.06,0.01,0.15,0.1,905.48,28.67,0.0,1116.91,-2.74
77.55,-0.09,7.41,7.75,0.08,0.03,0.15,0.09,906.39,28.67,0.0,1117.1,-2.79
77.56,-0.12,7.42,7.73,0.08,0.05,0.13,0.09,906.42,28.67,0.0,1117.25,-2.79
77.57,-0.16,7.42,7.72,0.09,0.06,0.1,0.09,904.27,28.67,0.0,1117.17,-2.74
77.58,-0.21,7.43,7.72,0.08,0.07,0.1,0.09,899.22,28.67,0.0,1116.74,-2.69
77.59,-0.25,7.44,7.72,0.07,0.08,0.11,0.09,893.09,28.67,0.0,1116.08,-2.64
77.6,-0.26,7.45,7.72,0.05,0.07,0.15,0.09,889.82,28.67,0.0,1115.46,-2.58
77.61,-0.21,7.43,7.72,0.03,0.06,0.19,0.1,892.06,28.67,0.0,1115.04,-2.49
77.62,-0.13,7.39,7.71,0.01,0.04,0.22,0.1,898.19,28.66,0.0,1114.89,-2.4
77.63,-0.05,7.36,7.7,-0.0,0.03,0.22,0.11,903.35,28.65,0.0,1114.91,-2.39
77.64,-0.02,7.34,7.68,-0.01,0.01,0.17,0.11,903.76,28.65,0.0,1115.02,-2.53
77.65,-0.04,7.34,7.67,-0.0,0.0,0.09,0.12,899.73,28.65,0.0,1115.14,-2.76
77.66,-0.1,7.37,7.67,0.01,-0.0,0.03,0.11,894.62,28.65,0.0,1115.31,-2.98
77.67,-0.2,7.44,7.7,0.03,-0.0,0.0,0.11,891.53,28.66,0.0,1115.54,-3.1
77.68,-0.3,7.52,7.73,0.05,0.01,0.02,0.1,891.6,28.66,0.0,1115.79,-3.11
77.69,-0.36,7.59,7.77,0.06,0.02,0.06,0.09,894.64,28.66,0.0,1115.93,-3.01
77.7,-0.36,7.64,7.8,0.08,0.04,0.09,0.09,899.72,28.66,0.0,1115.89,-2.84
77.71,-0.3,7.66,7.82,0.08,0.06,0.1,0.08,905.57,28.66,0.0,1115.66,-2.65
77.72,-0.21,7.63,7.81,0.09,0.07,0.1,0.09,911.41,28.67,0.0,1115.26,-2.48
77.73,-0.09,7.55,7.77,0.08,0.08,0.1,0.11,916.9,28.66,0.0,1114.74,-2.36
77.74,0.01,7.45,7.71,0.07,0.07,0.08,0.15,921.2,28.65,0.0,1114.19,-2.29
77.75,0.06,7.34,7.66,0.06,0.06,0.06,0.19,922.93,28.65,0.0,1113.74,-2.29
77.76,0.04,7.25,7.62,0.03,0.04,0.03,0.21,921.46,28.65,0.0,1113.45,-2.35
77.77,-0.04,7.19,7.6,0.01,0.02,0.01,0.22,917.66,28.66,0.0,1113.33,-2.46
77.78,-0.13,7.17,7.6,-0.01,0.0,-0.01,0.21,913.04,28.67,0.0,1113.37,-2.59
77.79,-0.2,7.21,7.63,-0.01,-0.01,-0.0,0.21,908.89,28.67,0.0,1113.53,-2.74
77.8,-0.24,7.29,7.67,-0.01,-0.02,0.01,0.19,906.05,28.67,0.0,1113.75,-2.87
77.81,-0.21,7.36,7.71,0.0,-0.02,0.02,0.17,905.07,28.67,0.0,1113.95,-2.93
77.82,-0.13,7.4,7.74,0.02,-0.01,0.02,0.12,905.92,28.66,0.0,1114.09,-2.9
77.83,-0.03,7.42,7.76,0.04,0.01,-0.0,0.08,907.03,28.66,0.0,1114.15,-2.77
77.84,0.04,7.41,7.78,0.06,0.03,-0.03,0.04,904.99,28.65,0.0,1114.1,-2.6
77.85,0.02,7.4,7.81,0.07,0.06,-0.04,0.03,897.63,28.65,0.0,1113.93,-2.4
77.86,-0.06,7.39,7.83,0.08,0.08,-0.03,0.05,887.42,28.65,0.0,1113.74,-2.22
77.87,-0.18,7.36,7.82,0.09,0.09,-0.01,0.08,880.34,28.66,0.0,1113.74,-2.1
77.88,-0.27,7.31,7.79,0.09,0.1,0.02,0.11,880.66,28.66,0.0,1114.04,-2.06
77.89,-0.33,7.26,7.73,0.08,0.09,0.04,0.14,887.08,28.67,0.0,1114.56,-2.08
77.9,-0.33,7.22,7.67,0.06,0.08,0.05,0.16,894.2,28.67,0.0,1115.03,-2.19
77.91,-0.27,7.23,7.65,0.04,0.06,0.03,0.16,897.43,28.68,0.0,1115.25,-2.38
77.92,-0.19,7.27,7.66,0.01,0.04,-0.01,0.15,896.24,28.69,0.0,1115.21,-2.59
77.93,-0.12,7.34,7.69,-0.0,0.03,-0.05,0.13,893.49,28.7,0.0,1114.98,-2.73
77.94,-0.09,7.42,7.71,-0.01,0.02,-0.07,0.11,892.12,28.7,0.0,1114.67,-2.75
77.95,-0.11,7.49,7.73,-0.01,0.01,-0.07,0.09,893.13,28.7,0.0,1114.38,-2.65
77.96,-0.15,7.57,7.74,-0.0,0.01,-0.05,0.07,896.11,28.7,0.0,1114.2,-2.49
77.97,-0.2,7.66,7.76,0.01,0.01,-0.02,0.04,900.11,28.7,0.0,1114.14,-2.32
77.98,-0.23,7.75,7.77,0.03,0.02,0.02,0.01,904.43,28.69,0.0,1114.2,-2.19
77.99,-0.24,7.8,7.77,0.05,0.03,0.05,0.0,909.32,28.69,0.0,1114.36,-2.1
78.0,-0.22,7.8,7.75,0.06,0.05,0.07,0.02,915.14,28.68,0.0,1114.6,-2.08
78.01,-0.19,7.76,7.73,0.06,0.07,0.07,0.07,920.82,28.68,0.0,1114.85,-2.11
78.02,-0.16,7.66,7.72,0.06,0.08,0.07,0.11,924.12,28.68,0.0,1115.05,-2.21
78.03,-0.14,7.52,7.74,0.05,0.09,0.07,0.14,923.68,28.68,0.0,1115.16,-2.4
78.04,-0.14,7.37,7.77,0.04,0.09,0.07,0.15,919.97,28.69,0.0,1115.19,-2.61
78.05,-0.15,7.27,7.79,0.03,0.08,0.07,0.15,914.18,28.69,0.0,1115.18,-2.77
78.06,-0.17,7.24,7.78,0.02,0.06,0.08,0.15,907.58,28.69,0.0,1115.19,-2.81
78.07,-0.19,7.26,7.73,-0.0,0.04,0.09,0.14,901.86,28.68,0.0,1115.19,-2.75
78.08,-0.19,7.3,7.68,-0.01,0.03,0.09,0.14,898.86,28.67,0.0,1115.13,-2.61
78.09,-0.17,7.31,7.66,-0.01,0.01,0.06,0.14,899.42,28.66,0.0,1114.94,-2.41
78.1,-0.15,7.3,7.67,-0.01,0.0,0.01,0.16,901.67,28.66,0.0,1114.67,-2.23
78.11,-0.11,7.26,7.72,0.01,-0.0,-0.05,0.16,901.23,28.67,0.0,1114.43,-2.09
78.12,-0.06,7.22,7.79,0.02,0.0,-0.11,0.15,895.03,28.67,0.0,1114.29,-2.04
78.13,-0.03,7.2,7.86,0.04,0.01,-0.16,0.13,885.1,28.67,0.0,1114.27,-2.08
78.14,-0.03,7.19,7.91,0.06,0.03,-0.16,0.1,877.27,28.67,0.0,1114.36,-2.18
78.15,-0.07,7.21,7.91,0.08,0.04,-0.11,0.06,875.93,28.67,0.0,1114.51,-2.35
78.16,-0.15,7.25,7.87,0.09,0.06,-0.03,0.03,880.44,28.67,0.0,1114.65,-2.55
78.17,-0.21,7.29,7.81,0.09,0.07,0.06,0.02,886.46,28.67,0.0,1114.61,-2.74
78.18,-0.24,7.32,7.74,0.08,0.07,0.13,0.04,889.99,28.67,0.0,1114.3,-2.91
78.19,-0.23,7.35,7.67,0.07,0.07,0.16,0.08,890.56,28.67,0.0,1113.82,-3.04
78.2,-0.18,7.37,7.62,0.06,0.06,0.16,0.12,891.07,28.67,0.0,1113.38,-3.05
78.21,-0.09,7.4,7.6,0.03,0.05,0.13,0.15,894.25,28.66,0.0,1113.12,-2.93
78.22,-0.0,7.42,7.6,0.01,0.04,0.09,0.16,899.45,28.66,0.0,1113.08,-2.72
78.23,0.05,7.46,7.63,-0.01,0.03,0.05,0.16,903.09,28.65,0.0,1113.15,-2.49
78.24,0.03,7.51,7.67,-0.01,0.02,0.04,0.13,902.35,28.65,0.0,1113.24,-2.3
78.25,-0.04,7.56,7.73,-0.01,0.01,0.04,0.11,898.28,28.64,0.0,1113.32,-2.19
78.26,-0.13,7.59,7.78,0.01,0.01,0.03,0.09,895.2,28.64,0.0,1113.42,-2.19
78.27,-0.22,7.59,7.8,0.02,0.01,0.02,0.08,896.57,28.64,0.0,1113.58,-2.32
78.28,-0.29,7.56,7.81,0.04,0.02,-0.0,0.09,902.04,28.65,0.0,1113.76,-2.52
78.29,-0.31,7.52,7.8,0.06,0.03,-0.02,0.1,908.66,28.65,0.0,1113.83,-2.74
78.3,-0.29,7.49,7.79,0.07,0.05,-0.03,0.1,913.7,28.66,0.0,1113.71,-2.93
78.31,-0.23,7.47,7.78,0.08,0.07,-0.02,0.1,915.8,28.66,0.0,1113.46,-3.05
78.32,-0.17,7.45,7.77,0.09,0.09,0.01,0.09,914.55,28.67,0.0,1113.22,-3.05
78.33,-0.12,7.39,7.78,0.08,0.09,0.04,0.09,910.45,28.66,0.0,1113.12,-2.91
78.34,-0.1,7.32,7.79,0.06,0.09,0.06,0.1,905.16,28.66,0.0,1113.17,-2.68
78.35,-0.11,7.26,7.78,0.04,0.08,0.08,0.12,900.8,28.66,0.0,1113.27,-2.43
78.36,-0.16,7.23,7.76,0.02,0.06,0.07,0.14,898.68,28.66,0.0,1113.33,-2.21
78.37,-0.22,7.23,7.72,0.0,0.05,0.05,0.15,898.84,28.67,0.0,1113.33,-2.07
78.38,-0.26,7.25,7.69,-0.01,0.03,0.03,0.16,900.53,28.68,0.0,1113.32,-2.05
78.39,-0.26,7.28,7.68,-0.01,0.02,0.01,0.17,902.86,28.68,0.0,1113.35,-2.15
78.4,-0.2,7.31,7.68,-0.01,0.01,-0.01,0.16,905.07,28.69,0.0,1113.43,-2.34
78.41,-0.13,7.32,7.7,0.0,0.01,-0.02,0.15,906.75,28.68,0.0,1113.58,-2.56
78.42,-0.06,7.31,7.7,0.02,0.01,-0.03,0.13,907.84,28.67,0.0,1113.8,-2.79
78.43,-0.0,7.29,7.7,0.04,0.01,-0.05,0.1,907.49,28.66,0.0,1113.99,-2.96
78.44,0.0,7.29,7.7,0.05,0.03,-0.05,0.08,903.32,28.64,0.0,1113.97,-3.04
78.45,-0.05,7.34,7.72,0.06,0.05,-0.02,0.07,893.99,28.64,0.0,1113.62,-2.99
78.46,-0.14,7.41,7.75,0.07,0.07,0.02,0.08,882.53,28.64,0.0,1113.07,-2.85
78.47,-0.22,7.46,7.76,0.07,0.08,0.06,0.1,875.36,28.65,0.0,1112.61,-2.65
78.48,-0.25,7.45,7.74,0.07,0.09,0.09,0.13,876.84,28.67,0.0,1112.45,-2.41
78.49,-0.22,7.4,7.7,0.06,0.09,0.1,0.17,885.16,28.68,0.0,1112.58,-2.19
78.5,-0.17,7.35,7.66,0.04,0.08,0.11,0.21,894.14,28.69,0.0,1112.81,-2.06
78.51,-0.1,7.32,7.64,0.02,0.07,0.15,0.23,898.62,28.69,0.0,1112.97,-2.04
78.52,-0.04,7.33,7.64,0.0,0.06,0.19,0.23,897.91,28.7,0.0,1113.01,-2.12
78.53,-0.03,7.38,7.66,-0.01,0.04,0.21,0.22,894.91,28.7,0.0,1112.99,-2.28
78.54,-0.08,7.45,7.69,-0.01,0.03,0.19,0.19,892.75,28.69,0.0,1113.01,-2.47
78.55,-0.18,7.53,7.72,-0.01,0.02,0.13,0.16,892.89,28.69,0.0,1113.07,-2.66
78.56,-0.27,7.59,7.75,0.0,0.01,0.05,0.12,895.54,28.69,0.0,1113.08,-2.79
78.57,-0.31,7.64,7.78,0.02,0.02,-0.03,0.07,900.11,28.69,0.0,1112.99,-2.86
78.58,-0.29,7.66,7.8,0.03,0.03,-0.08,0.03,905.55,28.69,0.0,1112.84,-2.86
78.59,-0.22,7.66,7.82,0.05,0.04,-0.1,0.01,911.16,28.69,0.0,1112.74,-2.75
78.6,-0.12,7.64,7.82,0.06,0.06,-0.1,0.02,916.6,28.68,0.0,1112.79,-2.54
78.61,-0.03,7.61,7.81,0.07,0.08,-0.07,0.05,920.96,28.68,0.0,1112.97,-2.28
78.62,0.02,7.56,7.79,0.08,0.09,-0.04,0.09,922.81,28.68,0.0,1113.15,-2.07
78.63,0.01,7.47,7.77,0.07,0.09,0.01,0.11,921.44,28.68,0.0,1113.23,-1.99
78.64,-0.05,7.36,7.74,0.07,0.08,0.05,0.12,917.71,28.69,0.0,1113.18,-2.03
78.65,-0.13,7.25,7.73,0.05,0.07,0.06,0.12,913.13,28.69,0.0,1113.01,-2.18
78.66,-0.22,7.14,7.74,0.03,0.06,0.05,0.11,908.97,28.69,0.0,1112.77,-2.4
78.67,-0.27,7.06,7.76,0.01,0.04,0.01,0.11,906.11,28.68,0.0,1112.52,-2.64
78.68,-0.27,7.03,7.77,-0.01,0.03,-0.04,0.12,905.09,28.67,0.0,1112.3,-2.8
78.69,-0.2,7.05,7.77,-0.01,0.01,-0.1,0.14,905.91,28.67,0.0,1112.14,-2.84
78.7,-0.11,7.12,7.74,-0.01,-0.01,-0.15,0.16,906.99,28.66,0.0,1112.02,-2.78
78.71,-0.03,7.22,7.72,0.0,-0.02,-0.17,0.18,904.92,28.67,0.0,1111.85,-2.65
78.72,-0.02,7.32,7.73,0.02,-0.02,-0.16,0.18,897.55,28.68,0.0,1111.57,-2.49
78.73,-0.06,7.4,7.77,0.04,-0.02,-0.12,0.16,887.08,28.69,0.0,1111.27,-2.35
78.74,-0.15,7.45,7.8,0.05,0.0,-0.08,0.14,878.79,28.71,0.0,1111.14,-2.25
78.75,-0.24,7.45,7.81,0.07,0.03,-0.05,0.14,876.55,28.71,0.0,1111.33,-2.21
78.76,-0.31,7.41,7.79,0.08,0.06,-0.03,0.16,879.77,28.7,0.0,1111.76,-2.21
78.77,-0.34,7.37,7.76,0.09,0.08,-0.01,0.17,884.63,28.7,0.0,1112.18,-2.26
78.78,-0.31,7.34,7.73,0.08,0.09,0.02,0.18,887.61,28.69,0.0,1112.43,-2.33
78.79,-0.25,7.32,7.7,0.07,0.09,0.07,0.18,888.33,28.69,0.0,1112.46,-2.42
78.8,-0.18,7.32,7.68,0.05,0.07,0.11,0.17,889.63,28.69,0.0,1112.39,-2.5
78.81,-0.12,7.34,7.67,0.03,0.06,0.12,0.15,894.07,28.68,0.0,1112.33,-2.59
78.82,-0.09,7.36,7.68,0.01,0.04,0.1,0.14,901.14,28.68,0.0,1112.31,-2.65
78.83,-0.1,7.42,7.69,-0.01,0.03,0.08,0.13,908.21,28.68,0.0,1112.26,-2.64
78.84,-0.15,7.51,7.71,-0.01,0.01,0.07,0.13,913.08,28.67,0.0,1112.11,-2.54
78.85,-0.21,7.62,7.73,-0.0,-0.0,0.08,0.14,915.36,28.66,0.0,1111.9,-2.38
78.86,-0.25,7.7,7.75,0.01,-0.01,0.08,0.15,916.41,28.66,0.0,1111.77,-2.22
78.87,-0.25,7.74,7.75,0.03,-0.01,0.08,0.16,917.73,28.66,0.0,1111.83,-2.12
78.88,-0.22,7.73,7.76,0.05,-0.01,0.05,0.18,919.5,28.66,0.0,1112.03,-2.09
78.89,-0.17,7.65,7.76,0.06,0.01,0.02,0.18,920.67,28.67,0.0,1112.19,-2.14
78.9,-0.1,7.53,7.76,0.08,0.03,-0.01,0.17,920.33,28.67,0.0,1112.17,-2.26
78.91,-0.04,7.4,7.76,0.09,0.05,-0.03,0.16,918.26,28.68,0.0,1111.99,-2.41
78.92,-0.0,7.27,7.75,0.1,0.07,-0.04,0.15,914.31,28.68,0.0,1111.77,-2.58
78.93,-0.01,7.17,7.71,0.09,0.08,-0.02,0.14,908.68,28.68,0.0,1111.64,-2.75
78.94,-0.04,7.1,7.65,0.08,0.08,0.01,0.14,902.75,28.68,0.0,1111.62,-2.89
78.95,-0.08,7.06,7.6,0.07,0.08,0.04,0.14,898.6,28.68,0.0,1111.67,-2.94
78.96,-0.13,7.05,7.59,0.04,0.07,0.06,0.16,897.45,28.68,0.0,1111.73,-2.87
78.97,-0.16,7.06,7.61,0.02,0.05,0.07,0.17,898.04,28.68,0.0,1111.77,-2.72
78.98,-0.17,7.1,7.65,-0.0,0.04,0.05,0.18,896.64,28.69,0.0,1111.81,-2.53
78.99,-0.13,7.17,7.69,-0.01,0.02,0.02,0.19,890.52,28.69,0.0,1111.86,-2.34
79.0,-0.07,7.26,7.73,-0.01,-0.0,-0.02,0.19,881.42,28.69,0.0,1111.96,-2.2
79.01,-0.03,7.33,7.76,0.01,-0.02,-0.03,0.19,874.45,28.68,0.0,1112.16,-2.13
79.02,-0.03,7.39,7.77,0.02,-0.02,-0.01,0.17,873.47,28.68,0.0,1112.49,-2.16
79.03,-0.07,7.42,7.77,0.04,-0.02,0.03,0.16,877.85,28.67,0.0,1112.85,-2.26
79.04,-0.13,7.42,7.74,0.05,-0.01,0.06,0.15,883.8,28.67,0.0,1112.98,-2.42
79.05,-0.19,7.42,7.68,0.07,0.01,0.08,0.14,887.84,28.67,0.0,1112.72,-2.63
79.06,-0.23,7.42,7.61,0.08,0.03,0.08,0.14,889.42,28.67,0.0,1112.18,-2.85
79.07,-0.22,7.42,7.56,0.09,0.05,0.07,0.14,891.01,28.68,0.0,1111.61,-2.99
79.08,-0.15,7.44,7.55,0.09,0.06,0.06,0.14,894.96,28.68,0.0,1111.25,-3.03
79.09,-0.07,7.46,7.57,0.08,0.06,0.06,0.15,900.49,28.68,0.0,1111.12,-2.97
79.1,-0.0,7.5,7.62,0.06,0.06,0.08,0.15,904.07,28.68,0.0,1111.07,-2.84
79.11,-0.0,7.55,7.67,0.04,0.06,0.11,0.14,903.05,28.68,0.0,1110.96,-2.68
79.12,-0.06,7.6,7.71,0.01,0.05,0.14,0.13,898.63,28.68,0.0,1110.79,-2.53
79.13,-0.16,7.63,7.73,-0.0,0.04,0.14,0.12,895.25,28.69,0.0,1110.74,-2.44
79.14,-0.26,7.63,7.71,-0.01,0.02,0.11,0.12,896.4,28.69,0.0,1110.94,-2.45
79.15,-0.35,7.59,7.67,-0.01,0.0,0.05,0.12,901.75,28.69,0.0,1111.31,-2.53
79.16,-0.38,7.55,7.65,0.0,-0.01,-0.02,0.11,908.33,28.7,0.0,1111.59,-2.63
79.17,-0.34,7.49,7.66,0.02,-0.0,-0.08,0.09,913.36,28.69,0.0,1111.58,-2.7
79.18,-0.26,7.45,7.7,0.04,0.01,-0.13,0.06,915.46,28.69,0.0,1111.33,-2.73
79.19,-0.16,7.4,7.74,0.05,0.02,-0.13,0.03,914.24,28.69,0.0,1111.04,-2.71
79.2,-0.07,7.33,7.76,0.07,0.04,-0.09,0.01,910.19,28.69,0.0,1110.92,-2.65
79.21,-0.01,7.27,7.76,0.08,0.06,-0.02,0.0,904.96,28.69,0.0,1110.99,-2.56
79.22,-0.0,7.23,7.75,0.09,0.07,0.05,0.01,900.65,28.69,0.0,1111.15,-2.47
79.23,-0.05,7.23,7.73,0.09,0.07,0.1,0.03,898.56,28.69,0.0,1111.27,-2.37
79.24,-0.13,7.26,7.71,0.08,0.07,0.12,0.06,898.72,28.69,0.0,1111.28,-2.28
79.25,-0.21,7.3,7.72,0.06,0.06,0.11,0.1,900.41,28.69,0.0,1111.14,-2.23
79.26,-0.24,7.34,7.73,0.04,0.04,0.1,0.14,902.73,28.69,0.0,1110.83,-2.22
79.27,-0.23,7.35,7.76,0.01,0.03,0.08,0.17,904.94,28.68,0.0,1110.46,-2.24
79.28,-0.17,7.34,7.78,-0.0,0.02,0.05,0.18,906.64,28.68,0.0,1110.16,-2.27
79.29,-0.05,7.29,7.78,-0.01,0.0,0.02,0.18,907.72,28.68,0.0,1110.04,-2.29
79.3,0.07,7.23,7.77,-0.01,-0.01,-0.01,0.16,907.37,28.68,0.0,1110.06,-2.3
79.31,0.14,7.19,7.76,0.0,-0.01,-0.03,0.14,903.22,28.69,0.0,1110.14,-2.33
79.32,0.11,7.19,7.77,0.02,-0.01,-0.04,0.11,893.9,28.69,0.0,1110.19,-2.4
79.33,0.01,7.24,7.78,0.03,0.0,-0.04,0.08,882.46,28.7,0.0,1110.22,-2.48
79.34,-0.11,7.31,7.8,0.05,0.02,-0.04,0.06,875.32,28.7,0.0,1110.38,-2.52
79.35,-0.22,7.4,7.79,0.07,0.04,-0.03,0.06,876.83,28.7,0.0,1110.8,-2.49
79.36,-0.28,7.48,7.76,0.08,0.06,-0.02,0.06,885.15,28.69,0.0,1111.36,-2.39
79.37,-0.28,7.55,7.74,0.09,0.07,-0.01,0.06,894.13,28.69,0.0,1111.79,-2.25
79.38,-0.2,7.61,7.72,0.09,0.08,-0.01,0.06,898.59,28.69,0.0,1111.89,-2.13
79.39,-0.1,7.64,7.72,0.08,0.08,-0.02,0.06,897.86,28.69,0.0,1111.69,-2.05
79.4,-0.03,7.64,7.72,0.06,0.08,-0.03,0.07,894.84,28.69,0.0,1111.35,-2.01
79.41,-0.03,7.59,7.71,0.04,0.06,-0.04,0.1,892.67,28.69,0.0,1111.04,-2.03
79.42,-0.09,7.52,7.69,0.01,0.04,-0.04,0.14,892.72,28.69,0.0,1110.83,-2.08
79.43,-0.17,7.44,7.68,-0.0,0.02,-0.03,0.17,894.97,28.69,0.0,1110.67,-2.16
79.44,-0.24,7.39,7.69,-0.01,-0.0,0.01,0.18,898.69,28.69,0.0,1110.5,-2.26
79.45,-0.28,7.36,7.71,-0.01,-0.02,0.06,0.18,903.07,28.69,0.0,1110.31,-2.36
79.46,-0.26,7.38,7.75,0.0,-0.02,0.09,0.17,907.99,28.69,0.0,1110.19,-2.43
79.47,-0.2,7.44,7.81,0.02,-0.02,0.08,0.16,913.49,28.69,0.0,1110.17,-2.46
79.48,-0.13,7.51,7.86,0.04,0.0,0.04,0.14,918.57,28.69,0.0,1110.26,-2.46
79.49,-0.06,7.57,7.9,0.06,0.02,-0.02,0.13,921.4,28.69,0.0,1110.41,-2.44
79.5,-0.04,7.57,7.9,0.07,0.05,-0.08,0.12,920.91,28.69,0.0,1110.57,-2.45
79.51,-0.06,7.54,7.87,0.08,0.07,-0.12,0.1,917.58,28.69,0.0,1110.7,-2.48
79.52,-0.11,7.47,7.82,0.08,0.09,-0.12,0.1,912.42,28.68,0.0,1110.79,-2.5
79.53,-0.18,7.39,7.74,0.08,0.09,-0.05,0.1,906.47,28.68,0.0,1110.83,-2.5
79.54,-0.25,7.32,7.67,0.07,0.09,0.06,0.11,901.25,28.68,0.0,1110.85,-2.48
79.55,-0.28,7.24,7.61,0.06,0.08,0.16,0.12,898.5,28.68,0.0,1110.91,-2.5
79.56,-0.26,7.17,7.57,0.03,0.07,0.2,0.12,899.03,28.69,0.0,1111.05,-2.57
79.57,-0.21,7.1,7.55,0.01,0.06,0.18,0.12,901.16,28.69,0.0,1111.23,-2.69
79.58,-0.15,7.06,7.56,-0.0,0.05,0.12,0.12,900.88,28.7,0.0,1111.37,-2.81
79.59,-0.11,7.07,7.58,-0.01,0.03,0.02,0.12,895.38,28.7,0.0,1111.41,-2.91
79.6,-0.11,7.12,7.62,-0.01,0.02,-0.08,0.12,886.4,28.71,0.0,1111.37,-2.96
79.61,-0.13,7.2,7.66,0.0,0.01,-0.14,0.11,879.04,28.71,0.0,1111.36,-2.91
79.62,-0.18,7.31,7.7,0.02,0.01,-0.16,0.09,877.16,28.7,0.0,1111.46,-2.77
79.63,-0.24,7.43,7.74,0.03,0.01,-0.14,0.06,880.36,28.69,0.0,1111.61,-2.57
79.64,-0.27,7.54,7.77,0.05,0.02,-0.11,0.05,885.01,28.69,0.0,1111.64,-2.38
79.65,-0.26,7.64,7.79,0.07,0.03,-0.08,0.05,887.74,28.69,0.0,1111.4,-2.23
79.66,-0.21,7.7,7.8,0.08,0.05,-0.07,0.07,888.27,28.69,0.0,1110.95,-2.17
79.67,-0.13,7.71,7.78,0.09,0.06,-0.07,0.09,889.43,28.69,0.0,1110.43,-2.22
79.68,-0.05,7.64,7.74,0.09,0.07,-0.05,0.11,893.79,28.69,0.0,1109.99,-2.41
79.69,0.01,7.52,7.68,0.08,0.08,-0.03,0.12,900.25,28.69,0.0,1109.7,-2.67
79.7,0.02,7.4,7.64,0.06,0.08,-0.02,0.13,904.7,28.68,0.0,1109.54,-2.9
79.71,-0.03,7.31,7.62,0.04,0.07,-0.02,0.15,904.03,28.68,0.0,1109.49,-3.05
79.72,-0.13,7.27,7.62,0.01,0.05,-0.04,0.18,899.42,28.68,0.0,1109.51,-3.09
79.73,-0.22,7.28,7.64,-0.0,0.04,-0.07,0.2,895.51,28.69,0.0,1109.61,-3.03
79.74,-0.28,7.34,7.65,-0.01,0.02,-0.11,0.21,896.1,28.69,0.0,1109.81,-2.89
79.75,-0.29,7.43,7.65,-0.01,0.0,-0.13,0.2,901.05,28.69,0.0,1110.06,-2.71
79.76,-0.24,7.51,7.64,-0.0,-0.0,-0.15,0.17,907.48,28.69,0.0,1110.29,-2.55
79.77,-0.15,7.58,7.62,0.01,-0.0,-0.15,0.12,912.65,28.68,0.0,1110.46,-2.42
79.78,-0.05,7.62,7.6,0.03,0.01,-0.14,0.08,915.06,28.68,0.0,1110.54,-2.34
79.79,0.03,7.62,7.6,0.05,0.03,-0.12,0.04,914.18,28.69,0.0,1110.54,-2.29
79.8,0.06,7.58,7.64,0.06,0.05,-0.08,0.02,910.39,28.69,0.0,1110.49,-2.26
79.81,0.02,7.52,7.71,0.08,0.07,-0.04,0.01,905.32,28.69,0.0,1110.41,-2.24
79.82,-0.05,7.43,7.76,0.08,0.08,0.0,0.02,901.05,28.7,0.0,1110.35,-2.27
79.83,-0.14,7.33,7.77,0.08,0.09,0.04,0.05,898.89,28.7,0.0,1110.34,-2.37
79.84,-0.22,7.24,7.75,0.07,0.09,0.06,0.07,898.91,28.69,0.0,1110.34,-2.49
79.85,-0.26,7.18,7.71,0.05,0.08,0.07,0.1,900.36,28.69,0.0,1110.31,-2.59
79.86,-0.24,7.18,7.68,0.03,0.07,0.06,0.11,902.36,28.69,0.0,1110.19,-2.61
79.87,-0.19,7.22,7.66,0.01,0.06,0.05,0.12,904.22,28.7,0.0,1109.99,-2.56
79.88,-0.12,7.28,7.66,-0.01,0.05,0.03,0.12,905.62,28.7,0.0,1109.77,-2.47
79.89,-0.08,7.33,7.67,-0.02,0.03,0.01,0.12,906.52,28.7,0.0,1109.54,-2.36
79.9,-0.07,7.38,7.7,-0.01,0.01,-0.0,0.12,906.51,28.7,0.0,1109.35,-2.26
79.91,-0.09,7.44,7.73,-0.0,0.0,0.01,0.12,904.3,28.7,0.0,1109.18,-2.19
79.92,-0.14,7.52,7.76,0.01,0.0,0.04,0.13,899.18,28.69,0.0,1109.03,-2.15
79.93,-0.19,7.62,7.8,0.03,0.01,0.09,0.15,893.0,28.69,0.0,1108.93,-2.16
79.94,-0.22,7.67,7.82,0.04,0.03,0.12,0.16,889.69,28.69,0.0,1109.01,-2.26
79.95,-0.2,7.65,7.81,0.06,0.05,0.12,0.15,891.91,28.69,0.0,1109.31,-2.45
79.96,-0.15,7.58,7.78,0.07,0.07,0.08,0.14,898.04,28.68,0.0,1109.76,-2.68
79.97,-0.09,7.47,7.74,0.08,0.09,0.05,0.13,903.21,28.68,0.0,1110.19,-2.8
79.98,-0.05,7.35,7.71,0.08,0.1,0.03,0.13,903.62,28.69,0.0,1110.49,-2.71
79.99,-0.05,7.25,7.69,0.07,0.1,0.04,0.14,899.63,28.7,0.0,1110.62,-2.45
80.0,-0.09,7.21,7.67,0.06,0.09,0.06,0.16,894.76,28.71,0.0,1110.6,-2.17
80.01,-0.18,7.24,7.64,0.04,0.07,0.08,0.17,892.21,28.72,0.0,1110.49,-1.96
80.02,-0.28,7.33,7.61,0.02,0.05,0.09,0.17,892.89,28.72,0.0,1110.33,-1.86
80.03,-0.35,7.43,7.6,0.0,0.03,0.08,0.15,896.09,28.72,0.0,1110.18,-1.84
80.04,-0.34,7.53,7.63,-0.01,0.01,0.05,0.13,900.55,28.72,0.0,1110.04,-1.84
80.05,-0.27,7.6,7.68,-0.01,-0.01,0.01,0.1,905.22,28.71,0.0,1109.95,-1.85
80.06,-0.15,7.62,7.72,-0.0,-0.02,-0.03,0.06,909.92,28.71,0.0,1109.96,-1.91
80.07,-0.03,7.6,7.75,0.01,-0.02,-0.06,0.03,914.8,28.71,0.0,1110.11,-2.06
80.08,0.07,7.53,7.75,0.03,-0.02,-0.08,0.01,919.1,28.71,0.0,1110.31,-2.27
80.09,0.11,7.46,7.74,0.05,-0.0,-0.08,0.01,921.27,28.71,0.0,1110.41,-2.5
80.1,0.07,7.38,7.73,0.06,0.02,-0.05,0.01,920.43,28.71,0.0,1110.31,-2.69
80.11,-0.03,7.32,7.73,0.08,0.05,-0.01,0.02,917.23,28.71,0.0,1110.03,-2.81
80.12,-0.14,7.28,7.73,0.09,0.07,0.04,0.04,913.08,28.7,0.0,1109.63,-2.83
80.13,-0.24,7.25,7.72,0.09,0.08,0.08,0.07,909.22,28.7,0.0,1109.19,-2.75
80.14,-0.29,7.23,7.69,0.08,0.08,0.11,0.1,906.52,28.71,0.0,1108.82,-2.6
80.15,-0.27,7.22,7.64,0.06,0.07,0.13,0.13,905.54,28.71,0.0,1108.59,-2.45
80.16,-0.17,7.22,7.58,0.04,0.06,0.15,0.15,906.32,28.71,0.0,1108.55,-2.33
80.17,-0.02,7.23,7.52,0.01,0.04,0.16,0.15,907.29,28.71,0.0,1108.67,-2.28
80.18,0.09,7.26,7.49,-0.0,0.03,0.16,0.15,905.12,28.7,0.0,1108.92,-2.3
80.19,0.11,7.32,7.5,-0.01,0.01,0.14,0.14,897.65,28.7,0.0,1109.27,-2.39
80.2,0.05,7.38,7.53,-0.01,-0.01,0.11,0.13,887.36,28.71,0.0,1109.65,-2.51
80.21,-0.07,7.43,7.58,-0.0,-0.01,0.07,0.13,880.24,28.71,0.0,1110.0,-2.65
80.22,-0.19,7.45,7.64,0.01,-0.01,0.03,0.13,880.54,28.71,0.0,1110.27,-2.78
80.23,-0.29,7.44,7.69,0.03,-0.0,-0.01,0.13,886.97,28.7,0.0,1110.43,-2.88
80.24,-0.31,7.41,7.73,0.05,0.01,-0.04,0.13,894.09,28.7,0.0,1110.37,-2.91
80.25,-0.26,7.39,7.74,0.06,0.04,-0.08,0.13,897.3,28.7,0.0,1110.04,-2.84
80.26,-0.16,7.39,7.74,0.08,0.06,-0.11,0.13,896.1,28.7,0.0,1109.56,-2.71
80.27,-0.08,7.39,7.73,0.08,0.09,-0.12,0.12,893.34,28.7,0.0,1109.12,-2.57
80.28,-0.05,7.41,7.71,0.08,0.1,-0.1,0.13,892.01,28.69,0.0,1108.86,-2.47
80.29,-0.08,7.45,7.68,0.07,0.1,-0.06,0.14,893.08,28.69,0.0,1108.82,-2.44
80.3,-0.16,7.5,7.66,0.05,0.09,0.0,0.15,896.13,28.69,0.0,1108.89,-2.45
80.31,-0.24,7.56,7.63,0.03,0.08,0.07,0.16,900.18,28.69,0.0,1109.0,-2.52
80.32,-0.3,7.63,7.61,0.01,0.07,0.14,0.16,904.43,28.7,0.0,1109.09,-2.61
80.33,-0.32,7.68,7.61,-0.0,0.05,0.16,0.17,908.89,28.7,0.0,1109.15,-2.73
80.34,-0.29,7.68,7.64,-0.01,0.03,0.15,0.17,913.75,28.71,0.0,1109.22,-2.89
80.35,-0.22,7.64,7.69,-0.01,0.01,0.09,0.18,918.26,28.71,0.0,1109.29,-3.05
80.36,-0.14,7.57,7.75,0.0,-0.0,0.03,0.18,920.93,28.71,0.0,1109.39,-3.12
80.37,-0.09,7.5,7.82,0.02,-0.01,-0.01,0.16,920.87,28.7,0.0,1109.53,-3.06
80.38,-0.07,7.43,7.88,0.03,-0.0,-0.04,0.13,918.29,28.7,0.0,1109.68,-2.89
80.39,-0.08,7.4,7.91,0.05,0.01,-0.04,0.11,913.63,28.7,0.0,1109.82,-2.66
80.4,-0.1,7.4,7.91,0.07,0.03,-0.03,0.1,907.53,28.71,0.0,1109.93,-2.41
80.41,-0.14,7.42,7.88,0.08,0.05,-0.01,0.11,901.63,28.71,0.0,1110.01,-2.19
80.42,-0.16,7.42,7.83,0.09,0.06,0.02,0.12,898.21,28.72,0.0,1110.08,-2.07
80.43,-0.17,7.37,7.75,0.09,0.07,0.06,0.13,898.51,28.72,0.0,1110.17,-2.06
80.44,-0.17,7.28,7.67,0.07,0.07,0.12,0.13,900.82,28.71,0.0,1110.26,-2.15
80.45,-0.15,7.19,7.61,0.05,0.06,0.17,0.13,900.64,28.71,0.0,1110.25,-2.32
80.46,-0.12,7.12,7.58,0.03,0.05,0.21,0.11,894.75,28.7,0.0,1110.07,-2.54
80.47,-0.09,7.09,7.57,0.01,0.05,0.22,0.09,884.97,28.7,0.0,1109.8,-2.76
80.48,-0.08,7.11,7.58,-0.01,0.04,0.22,0.06,876.86,28.7,0.0,1109.58,-2.9
80.49,-0.11,7.16,7.6,-0.02,0.02,0.18,0.04,874.7,28.7,0.0,1109.52,-2.91
80.5,-0.15,7.23,7.62,-0.02,0.01,0.13,0.03,878.16,28.71,0.0,1109.61,-2.82
80.51,-0.19,7.31,7.65,-0.01,-0.0,0.09,0.04,883.55,28.71,0.0,1109.8,-2.65
80.52,-0.2,7.39,7.69,-0.0,-0.01,0.05,0.07,887.35,28.71,0.0,1109.99,-2.45
80.53,-0.18,7.46,7.73,0.02,-0.01,0.03,0.11,888.92,28.71,0.0,1110.15,-2.28
80.54,-0.13,7.52,7.77,0.04,-0.0,0.02,0.14,890.6,28.71,0.0,1110.28,-2.14
80.55,-0.06,7.58,7.79,0.06,0.01,0.02,0.16,894.65,28.71,0.0,1110.39,-2.07
80.56,0.02,7.63,7.79,0.07,0.04,0.03,0.17,900.24,28.71,0.0,1110.46,-2.04
80.57,0.05,7.66,7.79,0.09,0.05,0.04,0.17,903.86,28.71,0.0,1110.39,-2.08
80.58,0.01,7.67,7.76,0.09,0.06,0.04,0.17,902.85,28.71,0.0,1110.14,-2.15
80.59,-0.08,7.65,7.74,0.08,0.07,0.04,0.19,898.44,28.71,0.0,1109.77,-2.25
80.6,-0.18,7.61,7.71,0.06,0.06,0.03,0.2,895.07,28.72,0.0,1109.48,-2.36
80.61,-0.28,7.55,7.69,0.04,0.06,0.02,0.19,896.27,28.72,0.0,1109.36,-2.45
80.62,-0.35,7.47,7.69,0.02,0.05,0.01,0.18,901.67,28.72,0.0,1109.43,-2.5
80.63,-0.36,7.4,7.69,-0.0,0.04,0.01,0.18,908.3,28.72,0.0,1109.62,-2.45
80.64,-0.3,7.37,7.72,-0.01,0.03,0.02,0.18,913.37,28.72,0.0,1109.82,-2.3
80.65,-0.21,7.37,7.76,-0.01,0.02,0.03,0.2,915.5,28.72,0.0,1109.99,-2.07
80.66,-0.12,7.39,7.79,-0.0,0.01,0.05,0.2,914.31,28.72,0.0,1110.05,-1.88
80.67,-0.06,7.43,7.82,0.01,0.01,0.06,0.18,910.3,28.72,0.0,1110.02,-1.78
80.68,-0.04,7.47,7.84,0.03,0.02,0.07,0.15,905.12,28.73,0.0,1109.92,-1.79
80.69,-0.07,7.49,7.83,0.04,0.03,0.08,0.11,900.85,28.72,0.0,1109.87,-1.92
80.7,-0.13,7.51,7.8,0.06,0.04,0.09,0.09,898.79,28.72,0.0,1109.91,-2.13
80.71,-0.2,7.5,7.75,0.08,0.05,0.11,0.09,898.96,28.7,0.0,1110.01,-2.38
80.72,-0.24,7.47,7.72,0.09,0.06,0.12,0.09,900.65,28.7,0.0,1110.05,-2.59
80.73,-0.26,7.41,7.71,0.09,0.07,0.13,0.09,902.98,28.7,0.0,1109.93,-2.73
80.74,-0.24,7.34,7.74,0.08,0.07,0.14,0.08,905.22,28.71,0.0,1109.68,-2.79
80.75,-0.19,7.26,7.77,0.06,0.07,0.13,0.07,906.93,28.72,0.0,1109.41,-2.76
80.76,-0.15,7.17,7.79,0.04,0.07,0.11,0.07,908.03,28.72,0.0,1109.22,-2.65
80.77,-0.11,7.1,7.8,0.02,0.06,0.08,0.06,907.67,28.72,0.0,1109.13,-2.49
80.78,-0.1,7.07,7.8,0.0,0.05,0.04,0.07,903.49,28.72,0.0,1109.11,-2.33
80.79,-0.12,7.11,7.79,-0.01,0.04,-0.01,0.09,894.12,28.72,0.0,1109.1,-2.2
80.8,-0.16,7.2,7.77,-0.01,0.02,-0.07,0.11,882.61,28.72,0.0,1109.11,-2.11
80.81,-0.18,7.32,7.75,-0.0,0.01,-0.12,0.12,875.4,28.71,0.0,1109.21,-2.12
80.82,-0.17,7.43,7.72,0.01,0.01,-0.17,0.12,876.86,28.71,0.0,1109.45,-2.25
80.83,-0.13,7.52,7.69,0.03,0.01,-0.19,0.11,885.16,28.71,0.0,1109.79,-2.44
80.84,-0.08,7.58,7.66,0.04,0.02,-0.17,0.09,894.12,28.71,0.0,1110.11,-2.64
80.85,-0.03,7.62,7.65,0.06,0.03,-0.09,0.08,898.56,28.71,0.0,1110.32,-2.78
80.86,-0.01,7.64,7.66,0.08,0.04,0.01,0.09,897.79,28.72,0.0,1110.39,-2.85
80.87,-0.03,7.64,7.68,0.09,0.05,0.1,0.1,894.76,28.72,0.0,1110.29,-2.84
80.88,-0.11,7.62,7.71,0.09,0.06,0.16,0.11,892.61,28.72,0.0,1110.05,-2.77
80.89,-0.22,7.59,7.73,0.09,0.06,0.17,0.13,892.71,28.72,0.0,1109.76,-2.66
80.9,-0.32,7.55,7.72,0.07,0.06,0.15,0.14,895.01,28.72,0.0,1109.57,-2.52
80.91,-0.35,7.51,7.7,0.04,0.05,0.1,0.15,898.76,28.71,0.0,1109.58,-2.39
80.92,-0.32,7.49,7.66,0.02,0.04,0.05,0.17,903.15,28.71,0.0,1109.76,-2.26
80.93,-0.24,7.49,7.62,0.0,0.03,0.01,0.18,908.06,28.71,0.0,1109.96,-2.17
80.94,-0.15,7.52,7.58,-0.01,0.01,-0.03,0.18,913.55,28.71,0.0,1110.1,-2.12
80.95,-0.06,7.56,7.56,-0.01,-0.0,-0.04,0.17,918.63,28.71,0.0,1110.16,-2.13
80.96,-0.01,7.59,7.56,-0.0,-0.01,-0.03,0.15,921.47,28.71,0.0,1110.23,-2.23
80.97,-0.01,7.58,7.61,0.01,-0.01,-0.0,0.12,921.02,28.71,0.0,1110.4,-2.43
80.98,-0.05,7.53,7.68,0.03,-0.0,0.04,0.08,917.95,28.71,0.0,1110.62,-2.66
80.99,-0.12,7.46,7.75,0.04,0.01,0.06,0.04,913.83,28.71,0.0,1110.73,-2.84
81.0,-0.19,7.36,7.79,0.06,0.03,0.04,0.02,910.05,28.71,0.0,1110.62,-2.88
81.01,-0.24,7.27,7.81,0.08,0.05,-0.01,0.02,907.53,28.72,0.0,1110.38,-2.8
81.02,-0.25,7.19,7.8,0.08,0.06,-0.06,0.05,906.75,28.73,0.0,1110.25,-2.63
81.03,-0.2,7.14,7.78,0.08,0.07,-0.08,0.08,907.67,28.72,0.0,1110.42,-2.44
81.04,-0.13,7.13,7.76,0.07,0.08,-0.09,0.13,908.62,28.72,0.0,1110.85,-2.27
81.05,-0.07,7.14,7.73,0.06,0.08,-0.06,0.17,905.99,28.71,0.0,1111.3,-2.15
81.06,-0.07,7.18,7.71,0.04,0.07,0.0,0.21,897.5,28.7,0.0,1111.6,-2.09
81.07,-0.12,7.22,7.7,0.02,0.06,0.07,0.24,885.69,28.7,0.0,1111.68,-2.08
81.08,-0.19,7.27,7.7,0.0,0.05,0.12,0.24,876.44,28.71,0.0,1111.58,-2.17
81.09,-0.25,7.32,7.71,-0.01,0.03,0.13,0.22,874.0,28.71,0.0,1111.37,-2.37
81.1,-0.28,7.36,7.74,-0.01,0.01,0.12,0.19,877.72,28.72,0.0,1111.16,-2.61
81.11,-0.28,7.4,7.77,-0.0,-0.0,0.09,0.15,883.4,28.72,0.0,1111.03,-2.77
81.12,-0.23,7.46,7.81,0.01,-0.01,0.06,0.12,887.12,28.73,0.0,1111.03,-2.79
81.13,-0.16,7.52,7.85,0.02,-0.01,0.04,0.1,888.28,28.73,0.0,1111.13,-2.67
81.14,-0.1,7.57,7.86,0.04,0.01,0.04,0.1,889.5,28.74,0.0,1111.27,-2.49
81.15,-0.08,7.59,7.83,0.05,0.02,0.06,0.12,893.35,28.74,0.0,1111.41,-2.33
81.16,-0.09,7.58,7.77,0.07,0.04,0.1,0.15,899.65,28.73,0.0,1111.49,-2.23
81.17,-0.14,7.57,7.72,0.08,0.06,0.14,0.17,906.5,28.73,0.0,1111.48,-2.17
81.18,-0.2,7.56,7.69,0.08,0.07,0.16,0.18,912.14,28.72,0.0,1111.35,-2.15
81.19,-0.26,7.56,7.69,0.08,0.08,0.17,0.18,915.91,28.72,0.0,1111.13,-2.16
81.2,-0.29,7.56,7.7,0.06,0.08,0.16,0.16,918.41,28.72,0.0,1110.88,-2.19
81.21,-0.28,7.55,7.7,0.04,0.07,0.13,0.15,920.55,28.72,0.0,1110.6,-2.28
81.22,-0.25,7.53,7.7,0.02,0.06,0.09,0.14,922.36,28.73,0.0,1110.37,-2.38
81.23,-0.19,7.49,7.7,0.01,0.04,0.05,0.14,922.94,28.73,0.0,1110.3,-2.5
81.24,-0.12,7.41,7.7,-0.0,0.02,0.02,0.14,921.65,28.73,0.0,1110.45,-2.59
81.25,-0.05,7.33,7.7,-0.01,0.0,0.01,0.14,918.65,28.73,0.0,1110.72,-2.65
81.26,-0.01,7.26,7.7,-0.0,-0.01,0.01,0.13,914.23,28.72,0.0,1110.91,-2.66
81.27,-0.0,7.23,7.7,0.01,-0.0,0.03,0.12,908.81,28.72,0.0,1110.9,-2.6
81.28,-0.02,7.22,7.71,0.02,0.01,0.05,0.11,903.64,28.72,0.0,1110.72,-2.5
81.29,-0.06,7.24,7.71,0.04,0.02,0.08,0.08,900.54,28.72,0.0,1110.61,-2.39
81.3,-0.11,7.25,7.72,0.05,0.04,0.09,0.06,900.49,28.71,0.0,1110.74,-2.29
81.31,-0.15,7.25,7.71,0.07,0.06,0.09,0.04,901.94,28.7,0.0,1111.05,-2.22
81.32,-0.17,7.25,7.72,0.07,0.08,0.07,0.03,900.8,28.7,0.0,1111.21,-2.19
81.33,-0.17,7.24,7.72,0.07,0.09,0.03,0.03,894.21,28.7,0.0,1111.01,-2.19
81.34,-0.15,7.24,7.73,0.07,0.09,-0.02,0.06,884.13,28.7,0.0,1110.52,-2.23
81.35,-0.14,7.23,7.73,0.05,0.09,-0.05,0.09,876.11,28.71,0.0,1110.06,-2.34
81.36,-0.16,7.22,7.72,0.03,0.08,-0.07,0.12,874.33,28.72,0.0,1109.89,-2.53
81.37,-0.19,7.22,7.69,0.0,0.06,-0.06,0.14,878.23,28.72,0.0,1110.02,-2.74
81.38,-0.22,7.23,7.68,-0.01,0.04,-0.02,0.14,883.81,28.72,0.0,1110.32,-2.86
81.39,-0.23,7.26,7.69,-0.02,0.02,0.03,0.13,887.33,28.72,0.0,1110.62,-2.81
81.4,-0.21,7.3,7.71,-0.02,-0.01,0.07,0.11,888.35,28.72,0.0,1110.84,-2.62
81.41,-0.16,7.37,7.74,-0.01,-0.02,0.09,0.1,889.7,28.72,0.0,1111.03,-2.41
81.42,-0.09,7.45,7.76,0.01,-0.03,0.05,0.11,894.02,28.71,0.0,1111.23,-2.24
81.43,-0.0,7.54,7.78,0.02,-0.02,-0.02,0.14,900.32,28.71,0.0,1111.44,-2.17
81.44,0.04,7.61,7.79,0.04,-0.01,-0.08,0.17,904.61,28.71,0.0,1111.61,-2.17
81.45,0.01,7.66,7.81,0.06,0.01,-0.09,0.18,903.82,28.72,0.0,1111.69,-2.21
81.46,-0.07,7.69,7.82,0.07,0.03,-0.06,0.16,899.15,28.73,0.0,1111.7,-2.28
81.47,-0.18,7.67,7.82,0.08,0.05,0.0,0.15,895.25,28.74,0.0,1111.71,-2.39
81.48,-0.29,7.62,7.79,0.08,0.06,0.08,0.13,895.9,28.74,0.0,1111.78,-2.55
81.49,-0.38,7.54,7.75,0.08,0.07,0.14,0.13,900.93,28.74,0.0,1111.91,-2.71
81.5,-0.41,7.45,7.71,0.06,0.07,0.16,0.13,907.43,28.73,0.0,1112.03,-2.84
81.51,-0.37,7.37,7.68,0.04,0.07,0.15,0.15,912.62,28.72,0.0,1112.12,-2.87
81.52,-0.28,7.3,7.67,0.02,0.06,0.11,0.16,915.04,28.71,0.0,1112.13,-2.82
81.53,-0.17,7.24,7.68,-0.0,0.04,0.08,0.16,914.15,28.71,0.0,1112.02,-2.69
81.54,-0.08,7.17,7.7,-0.01,0.03,0.06,0.14,910.36,28.72,0.0,1111.79,-2.52
81.55,-0.01,7.12,7.72,-0.01,0.01,0.06,0.1,905.3,28.72,0.0,1111.53,-2.34
81.56,0.0,7.12,7.76,-0.01,0.0,0.07,0.07,901.04,28.73,0.0,1111.4,-2.23
81.57,-0.03,7.19,7.81,0.01,-0.0,0.09,0.06,898.91,28.73,0.0,1111.52,-2.24
81.58,-0.1,7.3,7.87,0.03,0.0,0.1,0.06,898.96,28.72,0.0,1111.82,-2.34
81.59,-0.16,7.42,7.91,0.05,0.01,0.11,0.08,900.46,28.72,0.0,1112.1,-2.48
81.6,-0.2,7.51,7.94,0.07,0.02,0.11,0.1,902.51,28.72,0.0,1112.21,-2.63
81.61,-0.21,7.55,7.94,0.09,0.04,0.11,0.12,904.42,28.72,0.0,1112.16,-2.75
81.62,-0.18,7.52,7.91,0.1,0.05,0.1,0.13,905.85,28.73,0.0,1112.18,-2.83
81.63,-0.12,7.41,7.85,0.09,0.07,0.08,0.13,906.74,28.73,0.0,1112.44,-2.85
81.64,-0.04,7.27,7.79,0.08,0.08,0.05,0.12,906.29,28.72,0.0,1112.88,-2.83
81.65,-0.01,7.15,7.73,0.07,0.08,0.01,0.11,902.18,28.72,0.0,1113.27,-2.74
81.66,-0.03,7.11,7.71,0.05,0.07,-0.04,0.11,893.04,28.72,0.0,1113.44,-2.56
81.67,-0.1,7.15,7.71,0.02,0.07,-0.09,0.12,881.86,28.72,0.0,1113.38,-2.34
81.68,-0.17,7.22,7.71,0.01,0.05,-0.13,0.13,874.97,28.72,0.0,1113.2,-2.18
81.69,-0.22,7.3,7.69,-0.01,0.03,-0.17,0.15,876.68,28.71,0.0,1113.05,-2.14
81.7,-0.23,7.38,7.66,-0.01,0.0,-0.18,0.17,885.13,28.71,0.0,1112.98,-2.2
81.71,-0.19,7.47,7.64,-0.01,-0.02,-0.17,0.18,894.14,28.7,0.0,1113.02,-2.31
81.72,-0.11,7.57,7.64,-0.0,-0.02,-0.13,0.17,898.57,28.69,0.0,1113.13,-2.38
81.73,-0.03,7.68,7.67,0.01,-0.01,-0.06,0.16,897.77,28.69,0.0,1113.28,-2.43
81.74,0.0,7.75,7.7,0.03,0.0,0.01,0.13,894.68,28.68,0.0,1113.4,-2.47
81.75,-0.04,7.77,7.71,0.05,0.02,0.05,0.11,892.48,28.67,0.0,1113.48,-2.55
81.76,-0.13,7.72,7.72,0.07,0.04,0.08,0.08,892.62,28.66,0.0,1113.51,-2.65
81.77,-0.23,7.64,7.71,0.09,0.06,0.09,0.07,895.29,28.65,0.0,1113.55,-2.73
81.78,-0.31,7.52,7.7,0.09,0.07,0.1,0.05,899.91,28.65,0.0,1113.63,-2.74
81.79,-0.34,7.41,7.7,0.09,0.08,0.11,0.05,905.38,28.65,0.0,1113.71,-2.67
81.8,-0.32,7.32,7.68,0.07,0.09,0.12,0.05,911.03,28.65,0.0,1113.64,-2.56
81.81,-0.25,7.28,7.64,0.05,0.09,0.12,0.06,916.53,28.66,0.0,1113.32,-2.41
81.82,-0.16,7.27,7.6,0.03,0.08,0.12,0.08,920.97,28.67,0.0,1112.86,-2.28
81.83,-0.09,7.28,7.55,0.01,0.06,0.11,0.09,922.89,28.68,0.0,1112.48,-2.26
81.84,-0.06,7.3,7.53,-0.01,0.04,0.08,0.08,921.57,28.68,0.0,1112.35,-2.36
81.85,-0.07,7.32,7.53,-0.01,0.01,0.05,0.07,917.69,28.67,0.0,1112.45,-2.57
81.86,-0.1,7.34,7.55,-0.01,-0.0,0.01,0.05,912.29,28.67,0.0,1112.63,-2.77
81.87,-0.15,7.37,7.59,0.0,-0.01,-0.01,0.04,906.38,28.67,0.0,1112.74,-2.89
81.88,-0.19,7.4,7.63,0.02,-0.02,-0.02,0.04,901.34,28.67,0.0,1112.75,-2.92
81.89,-0.21,7.4,7.68,0.04,-0.01,-0.0,0.05,898.77,28.67,0.0,1112.76,-2.88
81.9,-0.18,7.35,7.73,0.06,0.01,0.03,0.06,899.4,28.67,0.0,1112.86,-2.78
81.91,-0.13,7.28,7.77,0.08,0.04,0.07,0.08,901.46,28.67,0.0,1113.02,-2.67
81.92,-0.1,7.2,7.8,0.09,0.06,0.12,0.1,900.75,28.67,0.0,1113.13,-2.54
81.93,-0.09,7.14,7.79,0.1,0.08,0.15,0.1,894.37,28.67,0.0,1113.08,-2.38
81.94,-0.13,7.12,7.75,0.09,0.09,0.17,0.09,884.34,28.66,0.0,1112.89,-2.22
81.95,-0.18,7.13,7.7,0.07,0.09,0.18,0.08,876.3,28.66,0.0,1112.63,-2.14
81.96,-0.25,7.17,7.67,0.05,0.08,0.16,0.08,874.47,28.66,0.0,1112.36,-2.19
81.97,-0.3,7.22,7.65,0.03,0.07,0.14,0.08,878.35,28.66,0.0,1112.15,-2.35
81.98,-0.32,7.3,7.64,0.01,0.06,0.1,0.08,883.89,28.66,0.0,1112.04,-2.53
81.99,-0.28,7.4,7.65,-0.01,0.04,0.04,0.09,887.38,28.66,0.0,1112.04,-2.68
82.0,-0.2,7.5,7.67,-0.01,0.02,-0.02,0.11,888.36,28.66,0.0,1112.13,-2.76
82.01,-0.11,7.58,7.68,-0.01,0.01,-0.07,0.11,889.69,28.66,0.0,1112.25,-2.79
82.02,-0.03,7.62,7.69,0.0,0.0,-0.09,0.09,894.0,28.66,0.0,1112.39,-2.77
82.03,0.03,7.61,7.69,0.02,0.0,-0.08,0.07,900.32,28.66,0.0,1112.5,-2.72
82.04,0.03,7.57,7.7,0.04,0.02,-0.05,0.05,904.62,28.66,0.0,1112.56,-2.64
82.05,-0.03,7.5,7.72,0.05,0.03,-0.02,0.03,903.83,28.67,0.0,1112.54,-2.52
82.06,-0.11,7.42,7.75,0.07,0.05,0.01,0.03,899.13,28.68,0.0,1112.48,-2.39
82.07,-0.2,7.37,7.75,0.09,0.07,0.03,0.04,895.22,28.69,0.0,1112.43,-2.26
82.08,-0.27,7.34,7.71,0.09,0.07,0.04,0.08,895.89,28.7,0.0,1112.43,-2.16
82.09,-0.31,7.35,7.65,0.09,0.07,0.04,0.13,900.96,28.7,0.0,1112.49,-2.11
82.1,-0.29,7.39,7.59,0.07,0.07,0.04,0.17,907.51,28.7,0.0,1112.64,-2.14
82.11,-0.21,7.46,7.58,0.05,0.06,0.03,0.18,912.73,28.7,0.0,1112.88,-2.27
82.12,-0.1,7.53,7.61,0.03,0.06,0.01,0.17,915.15,28.7,0.0,1113.12,-2.45
82.13,-0.01,7.57,7.65,0.01,0.05,0.01,0.15,914.24,28.69,0.0,1113.21,-2.59
82.14,0.03,7.56,7.69,-0.0,0.03,0.02,0.13,910.42,28.69,0.0,1113.05,-2.63
82.15,0.02,7.52,7.7,-0.01,0.01,0.04,0.12,905.32,28.69,0.0,1112.73,-2.58
82.16,-0.02,7.45,7.71,-0.01,-0.0,0.05,0.1,901.04,28.69,0.0,1112.5,-2.48
82.17,-0.08,7.38,7.71,0.01,-0.01,0.05,0.08,898.92,28.69,0.0,1112.56,-2.39
82.18,-0.14,7.32,7.72,0.03,-0.0,0.03,0.06,898.99,28.69,0.0,1112.85,-2.33
82.19,-0.17,7.29,7.73,0.05,0.01,0.01,0.05,900.51,28.69,0.0,1113.17,-2.3
82.2,-0.17,7.28,7.76,0.07,0.02,-0.0,0.04,902.58,28.7,0.0,1113.35,-2.3
82.21,-0.14,7.29,7.78,0.09,0.04,-0.0,0.04,904.48,28.7,0.0,1113.33,-2.32
82.22,-0.11,7.3,7.79,0.1,0.05,-0.0,0.06,905.89,28.71,0.0,1113.22,-2.38
82.23,-0.11,7.3,7.78,0.1,0.07,0.0,0.08,906.75,28.71,0.0,1113.11,-2.49
82.24,-0.13,7.3,7.76,0.09,0.07,0.01,0.1,906.65,28.7,0.0,1113.06,-2.62
82.25,-0.17,7.31,7.73,0.07,0.07,0.02,0.12,904.33,28.69,0.0,1113.11,-2.75
82.26,-0.22,7.36,7.7,0.05,0.07,0.04,0.14,899.08,28.69,0.0,1113.26,-2.84
82.27,-0.26,7.43,7.67,0.03,0.06,0.06,0.15,892.77,28.68,0.0,1113.47,-2.89
82.28,-0.26,7.49,7.65,0.01,0.05,0.07,0.16,889.36,28.68,0.0,1113.67,-2.87
82.29,-0.21,7.5,7.62,-0.0,0.03,0.09,0.17,891.52,28.69,0.0,1113.84,-2.78
82.3,-0.13,7.48,7.6,-0.01,0.02,0.08,0.19,897.61,28.7,0.0,1113.94,-2.66
82.31,-0.06,7.42,7.6,-0.0,0.01,0.07,0.19,902.77,28.7,0.0,1113.99,-2.51
82.32,-0.03,7.35,7.64,0.01,0.0,0.03,0.19,903.2,28.71,0.0,1113.98,-2.36
82.33,-0.04,7.3,7.69,0.02,0.0,-0.02,0.17,899.24,28.71,0.0,1113.95,-2.22
82.34,-0.1,7.29,7.74,0.04,0.01,-0.06,0.14,894.43,28.71,0.0,1113.85,-2.14
82.35,-0.2,7.33,7.77,0.06,0.03,-0.08,0.11,891.96,28.7,0.0,1113.7,-2.15
82.36,-0.32,7.41,7.77,0.07,0.04,-0.08,0.07,892.72,28.69,0.0,1113.52,-2.22
82.37,-0.4,7.49,7.75,0.09,0.06,-0.06,0.05,896.01,28.68,0.0,1113.39,-2.34
82.38,-0.42,7.55,7.7,0.09,0.07,-0.02,0.05,900.54,28.67,0.0,1113.36,-2.49
82.39,-0.38,7.58,7.64,0.09,0.08,0.02,0.08,905.26,28.67,0.0,1113.4,-2.62
82.4,-0.28,7.58,7.6,0.07,0.08,0.06,0.11,910.0,28.66,0.0,1113.41,-2.71
82.41,-0.14,7.53,7.57,0.05,0.07,0.1,0.14,914.91,28.66,0.0,1113.32,-2.72
82.42,-0.0,7.47,7.57,0.03,0.06,0.11,0.15,919.28,28.67,0.0,1113.17,-2.69
82.43,0.09,7.4,7.59,0.01,0.05,0.1,0.16,921.7,28.67,0.0,1113.12,-2.63
82.44,0.09,7.32,7.63,0.0,0.03,0.06,0.18,921.37,28.68,0.0,1113.29,-2.58
82.45,0.02,7.24,7.69,-0.01,0.02,0.01,0.2,918.8,28.68,0.0,1113.62,-2.54
82.46,-0.08,7.2,7.73,-0.0,0.01,-0.04,0.2,915.05,28.68,0.0,1113.92,-2.49
82.47,-0.19,7.2,7.73,0.0,0.0,-0.07,0.18,911.15,28.68,0.0,1114.04,-2.4
82.48,-0.26,7.23,7.71,0.02,0.01,-0.08,0.13,908.03,28.68,0.0,1113.98,-2.31
82.49,-0.25,7.27,7.68,0.03,0.02,-0.07,0.1,906.45,28.68,0.0,1113.87,-2.27
82.5,-0.16,7.33,7.65,0.06,0.03,-0.06,0.07,906.64,28.67,0.0,1113.84,-2.35
82.51,-0.03,7.38,7.63,0.08,0.04,-0.04,0.07,907.19,28.67,0.0,1113.89,-2.5
82.52,0.07,7.42,7.62,0.09,0.06,-0.03,0.09,904.78,28.66,0.0,1113.95,-2.65
82.53,0.07,7.43,7.64,0.1,0.06,-0.0,0.13,897.26,28.66,0.0,1113.92,-2.73
82.54,-0.02,7.42,7.67,0.09,0.07,0.02,0.18,887.02,28.67,0.0,1113.82,-2.72
82.55,-0.16,7.39,7.69,0.08,0.08,0.04,0.22,880.0,28.67,0.0,1113.71,-2.66
82.56,-0.28,7.33,7.7,0.06,0.08,0.06,0.24,880.42,28.68,0.0,1113.66,-2.57
82.57,-0.37,7.26,7.69,0.03,0.07,0.07,0.24,886.92,28.68,0.0,1113.66,-2.47
82.58,-0.37,7.21,7.67,0.01,0.05,0.08,0.23,894.09,28.68,0.0,1113.58,-2.38
82.59,-0.3,7.18,7.65,-0.0,0.03,0.08,0.21,897.29,28.67,0.0,1113.35,-2.27
82.6,-0.18,7.19,7.64,-0.01,0.01,0.08,0.19,896.05,28.67,0.0,1113.03,-2.19
82.61,-0.07,7.24,7.65,-0.01,-0.0,0.09,0.18,893.27,28.67,0.0,1112.81,-2.2
82.62,-0.02,7.32,7.67,-0.0,-0.01,0.09,0.15,891.95,28.67,0.0,1112.83,-2.33
82.63,-0.04,7.42,7.7,0.01,-0.0,0.09,0.13,893.08,28.66,0.0,1113.06,-2.55
82.64,-0.1,7.53,7.74,0.03,0.01,0.09,0.12,896.19,28.67,0.0,1113.38,-2.79
82.65,-0.19,7.65,7.76,0.05,0.03,0.07,0.11,900.3,28.67,0.0,1113.66,-2.98
82.66,-0.27,7.76,7.77,0.07,0.04,0.04,0.12,904.59,28.69,0.0,1113.84,-3.08
82.67,-0.31,7.82,7.75,0.09,0.06,0.02,0.13,909.08,28.7,0.0,1113.84,-3.02
82.68,-0.3,7.81,7.72,0.09,0.07,-0.0,0.13,913.98,28.7,0.0,1113.67,-2.81
82.69,-0.25,7.73,7.67,0.09,0.08,-0.01,0.13,918.54,28.71,0.0,1113.41,-2.51
82.7,-0.19,7.6,7.63,0.07,0.08,0.01,0.13,921.23,28.7,0.0,1113.18,-2.25
82.71,-0.14,7.43,7.6,0.05,0.08,0.04,0.14,921.15,28.7,0.0,1113.09,-2.1
82.72,-0.12,7.25,7.59,0.03,0.07,0.09,0.15,918.52,28.7,0.0,1113.13,-2.07
82.73,-0.11,7.13,7.57,0.01,0.05,0.14,0.17,913.82,28.69,0.0,1113.24,-2.14
82.74,-0.13,7.09,7.54,-0.0,0.03,0.17,0.18,907.73,28.69,0.0,1113.35,-2.24
82.75,-0.16,7.11,7.49,-0.01,0.0,0.18,0.18,901.88,28.69,0.0,1113.41,-2.36
82.76,-0.18,7.16,7.47,-0.01,-0.02,0.17,0.17,898.57,28.69,0.0,1113.43,-2.49
82.77,-0.19,7.22,7.49,0.0,-0.02,0.15,0.13,899.03,28.69,0.0,1113.39,-2.65
82.78,-0.17,7.26,7.54,0.01,-0.02,0.1,0.08,901.52,28.67,0.0,1113.36,-2.81
82.79,-0.14,7.29,7.6,0.03,-0.01,0.06,0.04,901.5,28.66,0.0,1113.39,-2.88
82.8,-0.09,7.31,7.66,0.05,0.0,0.0,0.03,895.71,28.65,0.0,1113.55,-2.81
82.81,-0.04,7.33,7.69,0.07,0.02,-0.05,0.03,885.97,28.65,0.0,1113.76,-2.63
82.82,-0.03,7.32,7.71,0.09,0.03,-0.06,0.06,877.8,28.65,0.0,1113.9,-2.43
82.83,-0.07,7.3,7.72,0.09,0.05,-0.03,0.1,875.46,28.65,0.0,1113.86,-2.26
82.84,-0.14,7.25,7.73,0.08,0.06,0.03,0.15,878.67,28.66,0.0,1113.66,-2.18
82.85,-0.21,7.2,7.73,0.07,0.06,0.11,0.18,883.8,28.67,0.0,1113.39,-2.17
82.86,-0.25,7.16,7.73,0.05,0.06,0.17,0.18,887.34,28.67,0.0,1113.13,-2.22
82.87,-0.24,7.13,7.71,0.03,0.05,0.21,0.16,888.7,28.66,0.0,1112.96,-2.32
82.88,-0.18,7.15,7.69,0.01,0.04,0.21,0.14,890.27,28.65,0.0,1112.99,-2.44
82.89,-0.09,7.21,7.65,0.0,0.03,0.17,0.11,894.31,28.65,0.0,1113.27,-2.56
82.9,0.01,7.31,7.6,-0.01,0.01,0.11,0.1,899.96,28.64,0.0,1113.7,-2.66
82.91,0.07,7.45,7.57,-0.0,-0.0,0.04,0.09,903.65,28.65,0.0,1114.08,-2.69
82.92,0.05,7.61,7.58,0.0,-0.01,-0.02,0.07,902.67,28.65,0.0,1114.27,-2.61
82.93,-0.02,7.76,7.61,0.02,-0.0,-0.06,0.06,898.27,28.66,0.0,1114.29,-2.46
82.94,-0.13,7.85,7.66,0.03,0.01,-0.08,0.05,894.92,28.67,0.0,1114.24,-2.27
82.95,-0.23,7.85,7.7,0.05,0.02,-0.06,0.05,896.18,28.67,0.0,1114.21,-2.11
82.96,-0.32,7.78,7.74,0.08,0.03,-0.02,0.06,901.7,28.66,0.0,1114.24,-1.98
82.97,-0.35,7.64,7.76,0.09,0.05,0.03,0.08,908.45,28.66,0.0,1114.31,-1.93
82.98,-0.31,7.48,7.77,0.1,0.06,0.08,0.11,913.62,28.64,0.0,1114.38,-1.96
82.99,-0.23,7.31,7.77,0.09,0.07,0.13,0.14,915.82,28.63,0.0,1114.41,-2.04
83.0,-0.16,7.19,7.77,0.08,0.07,0.15,0.15,914.67,28.62,0.0,1114.4,-2.19
83.01,-0.1,7.11,7.76,0.06,0.07,0.13,0.15,910.67,28.62,0.0,1114.34,-2.39
83.02,-0.08,7.08,7.75,0.04,0.07,0.08,0.14,905.5,28.62,0.0,1114.27,-2.6
83.03,-0.1,7.1,7.74,0.02,0.06,0.02,0.13,901.21,28.62,0.0,1114.28,-2.78
83.04,-0.14,7.16,7.74,0.0,0.04,-0.04,0.12,899.09,28.63,0.0,1114.4,-2.87
83.05,-0.19,7.23,7.75,-0.01,0.02,-0.09,0.12,899.19,28.64,0.0,1114.62,-2.89
83.06,-0.22,7.3,7.77,-0.01,0.0,-0.11,0.12,900.81,28.64,0.0,1114.84,-2.84
83.07,-0.22,7.36,7.8,-0.01,-0.01,-0.11,0.12,903.1,28.65,0.0,1115.03,-2.71
83.08,-0.19,7.38,7.83,0.01,-0.01,-0.08,0.12,905.31,28.64,0.0,1115.12,-2.56
83.09,-0.15,7.35,7.85,0.02,0.0,-0.03,0.1,906.99,28.64,0.0,1115.06,-2.41
83.1,-0.1,7.28,7.83,0.05,0.01,0.06,0.08,908.05,28.64,0.0,1114.82,-2.29
83.11,-0.05,7.18,7.79,0.07,0.03,0.15,0.06,907.63,28.63,0.0,1114.52,-2.21
83.12,-0.05,7.1,7.74,0.09,0.05,0.22,0.05,903.37,28.63,0.0,1114.32,-2.23
83.13,-0.08,7.07,7.7,0.1,0.07,0.26,0.06,893.93,28.62,0.0,1114.36,-2.34
83.14,-0.15,7.09,7.65,0.09,0.08,0.26,0.08,882.36,28.62,0.0,1114.59,-2.52
83.15,-0.19,7.14,7.62,0.08,0.09,0.24,0.11,875.11,28.62,0.0,1114.88,-2.7
83.16,-0.2,7.22,7.6,0.06,0.09,0.23,0.15,876.54,28.63,0.0,1115.08,-2.85
83.17,-0.17,7.3,7.6,0.04,0.08,0.22,0.17,884.82,28.64,0.0,1115.13,-2.94
83.18,-0.11,7.39,7.62,0.02,0.07,0.21,0.18,893.77,28.65,0.0,1114.97,-2.97
83.19,-0.04,7.51,7.68,0.0,0.04,0.19,0.18,898.2,28.65,0.0,1114.59,-2.96
83.2,0.0,7.62,7.76,-0.01,0.02,0.16,0.17,897.45,28.65,0.0,1114.12,-2.92
83.21,-0.0,7.71,7.84,-0.01,-0.0,0.1,0.16,894.41,28.64,0.0,1113.72,-2.86
83.22,-0.07,7.77,7.9,-0.0,-0.01,0.02,0.16,892.26,28.63,0.0,1113.51,-2.77
83.23,-0.18,7.78,7.92,0.01,-0.0,-0.06,0.16,892.45,28.62,0.0,1113.48,-2.68
83.24,-0.28,7.75,7.92,0.03,0.01,-0.11,0.16,895.18,28.61,0.0,1113.54,-2.63
83.25,-0.32,7.68,7.89,0.05,0.03,-0.11,0.15,899.87,28.61,0.0,1113.6,-2.63
83.26,-0.31,7.6,7.86,0.07,0.04,-0.08,0.14,905.43,28.61,0.0,1113.6,-2.68
83.27,-0.25,7.52,7.83,0.09,0.05,-0.03,0.13,911.14,28.62,0.0,1113.55,-2.78
83.28,-0.16,7.47,7.8,0.09,0.06,0.02,0.15,916.66,28.63,0.0,1113.46,-2.91
83.29,-0.07,7.44,7.79,0.09,0.06,0.05,0.17,921.07,28.64,0.0,1113.36,-3.03
83.3,-0.02,7.42,7.77,0.07,0.06,0.07,0.21,922.93,28.65,0.0,1113.26,-3.07
83.31,-0.03,7.4,7.74,0.05,0.06,0.09,0.23,921.55,28.66,0.0,1113.17,-3.0
83.32,-0.09,7.37,7.69,0.03,0.06,0.1,0.24,917.79,28.66,0.0,1113.08,-2.83
83.33,-0.16,7.32,7.66,0.01,0.05,0.1,0.23,913.23,28.66,0.0,1113.02,-2.62
83.34,-0.23,7.26,7.65,-0.01,0.04,0.05,0.21,909.17,28.65,0.0,1112.99,-2.39
83.35,-0.26,7.2,7.67,-0.01,0.02,-0.01,0.17,906.45,28.65,0.0,1112.99,-2.2
83.36,-0.25,7.16,7.7,-0.01,0.01,-0.06,0.13,905.55,28.65,0.0,1113.03,-2.08
83.37,-0.18,7.13,7.73,-0.0,0.01,-0.08,0.08,906.4,28.65,0.0,1113.09,-2.03
83.38,-0.09,7.14,7.76,0.01,0.01,-0.07,0.04,907.34,28.66,0.0,1113.2,-2.06
83.39,-0.02,7.16,7.78,0.03,0.02,-0.04,0.02,904.81,28.66,0.0,1113.39,-2.19
83.4,-0.02,7.19,7.79,0.05,0.04,-0.01,0.02,896.54,28.67,0.0,1113.68,-2.4
83.41,-0.07,7.22,7.8,0.07,0.05,0.0,0.04,885.03,28.66,0.0,1113.99,-2.64
83.42,-0.15,7.24,7.79,0.09,0.06,0.01,0.07,876.07,28.66,0.0,1114.16,-2.81
83.43,-0.24,7.26,7.77,0.09,0.07,0.01,0.12,873.89,28.66,0.0,1114.09,-2.84
83.44,-0.32,7.29,7.75,0.08,0.08,0.01,0.16,877.77,28.65,0.0,1113.8,-2.74
83.45,-0.34,7.33,7.73,0.06,0.08,0.01,0.19,883.52,28.65,0.0,1113.36,-2.58
83.46,-0.31,7.4,7.72,0.04,0.08,0.01,0.2,887.22,28.65,0.0,1112.86,-2.41
83.47,-0.24,7.48,7.72,0.03,0.07,0.02,0.19,888.35,28.65,0.0,1112.45,-2.27
83.48,-0.16,7.55,7.73,0.01,0.05,0.01,0.17,889.74,28.65,0.0,1112.34,-2.15
83.49,-0.1,7.58,7.74,-0.0,0.03,0.0,0.13,894.06,28.66,0.0,1112.66,-2.04
83.5,-0.07,7.59,7.75,-0.01,0.01,-0.02,0.09,900.93,28.66,0.0,1113.29,-1.96
83.51,-0.09,7.57,7.77,-0.01,-0.0,-0.04,0.06,907.92,28.67,0.0,1114.03,-1.97
83.52,-0.14,7.56,7.81,0.0,-0.01,-0.06,0.04,912.92,28.68,0.0,1114.73,-2.08
83.53,-0.2,7.56,7.86,0.02,-0.0,-0.07,0.03,915.51,28.68,0.0,1115.27,-2.27
83.54,-0.24,7.55,7.88,0.04,0.01,-0.06,0.03,916.88,28.68,0.0,1115.64,-2.43
83.55,-0.25,7.55,7.85,0.06,0.03,-0.02,0.04,918.41,28.68,0.0,1115.85,-2.5
83.56,-0.22,7.54,7.8,0.08,0.04,0.03,0.03,920.23,28.68,0.0,1115.98,-2.46
83.57,-0.17,7.52,7.74,0.09,0.05,0.09,0.03,921.24,28.67,0.0,1116.05,-2.35
83.58,-0.11,7.48,7.71,0.09,0.07,0.14,0.02,920.56,28.66,0.0,1116.13,-2.19
83.59,-0.05,7.43,7.72,0.09,0.08,0.17,0.02,918.14,28.66,0.0,1116.18,-2.04
83.6,-0.01,7.37,7.72,0.08,0.08,0.17,0.02,914.15,28.65,0.0,1116.1,-1.94
83.61,-0.02,7.3,7.71,0.06,0.08,0.16,0.05,908.99,28.65,0.0,1115.83,-1.92
83.62,-0.05,7.23,7.69,0.03,0.06,0.12,0.09,903.93,28.65,0.0,1115.43,-1.97
83.63,-0.09,7.18,7.66,0.01,0.05,0.08,0.14,900.81,28.65,0.0,1115.07,-2.09
83.64,-0.13,7.13,7.63,-0.0,0.02,0.03,0.18,900.66,28.66,0.0,1114.87,-2.25
83.65,-0.16,7.1,7.62,-0.01,0.0,-0.01,0.21,902.05,28.66,0.0,1114.86,-2.42
83.66,-0.16,7.11,7.63,-0.01,-0.01,-0.03,0.22,901.16,28.66,0.0,1115.03,-2.56
83.67,-0.14,7.15,7.66,-0.0,-0.01,-0.02,0.2,895.24,28.65,0.0,1115.35,-2.63
83.68,-0.1,7.22,7.69,0.01,-0.01,0.02,0.17,886.05,28.63,0.0,1115.69,-2.63
83.69,-0.07,7.31,7.71,0.03,0.0,0.05,0.14,878.65,28.61,0.0,1115.86,-2.59
83.7,-0.08,7.39,7.7,0.05,0.02,0.06,0.1,876.85,28.6,0.0,1115.77,-2.51
83.71,-0.12,7.47,7.66,0.07,0.03,0.06,0.08,880.16,28.59,0.0,1115.49,-2.41
83.72,-0.17,7.52,7.65,0.09,0.04,0.06,0.07,884.88,28.59,0.0,1115.25,-2.32
83.73,-0.22,7.57,7.68,0.09,0.06,0.07,0.08,887.61,28.58,0.0,1115.23,-2.23
83.74,-0.25,7.59,7.75,0.09,0.07,0.09,0.1,888.07,28.58,0.0,1115.45,-2.17
83.75,-0.23,7.6,7.8,0.08,0.08,0.1,0.13,889.18,28.58,0.0,1115.84,-2.14
83.76,-0.17,7.59,7.8,0.06,0.08,0.09,0.17,893.54,28.59,0.0,1116.31,-2.16
83.77,-0.08,7.56,7.75,0.04,0.07,0.06,0.22,900.03,28.6,0.0,1116.71,-2.23
83.78,-0.02,7.52,7.7,0.02,0.05,0.03,0.24,904.43,28.61,0.0,1116.83,-2.37
83.79,-0.01,7.48,7.68,0.01,0.02,0.03,0.24,903.53,28.61,0.0,1116.55,-2.6
83.8,-0.07,7.45,7.7,0.0,-0.0,0.04,0.21,898.66,28.6,0.0,1115.99,-2.84
83.81,-0.16,7.44,7.73,0.0,-0.02,0.04,0.17,894.95,28.59,0.0,1115.39,-2.99
83.82,-0.25,7.45,7.76,0.01,-0.02,0.01,0.13,896.47,28.59,0.0,1114.95,-2.99
83.83,-0.33,7.48,7.79,0.02,-0.01,-0.05,0.09,902.8,28.58,0.0,1114.72,-2.86
83.84,-0.35,7.5,7.81,0.04,0.01,-0.11,0.07,910.37,28.58,0.0,1114.59,-2.69
83.85,-0.32,7.51,7.84,0.06,0.03,-0.16,0.07,915.92,28.58,0.0,1114.45,-2.54
83.86,-0.24,7.49,7.87,0.08,0.05,-0.18,0.08,917.92,28.58,0.0,1114.29,-2.46
83.87,-0.16,7.44,7.89,0.09,0.07,-0.16,0.1,916.02,28.59,0.0,1114.18,-2.42
83.88,-0.08,7.34,7.87,0.1,0.08,-0.09,0.12,910.9,28.59,0.0,1114.18,-2.41
83.89,-0.04,7.22,7.82,0.09,0.09,0.02,0.13,904.61,28.6,0.0,1114.27,-2.42
83.9,-0.04,7.13,7.76,0.07,0.09,0.1,0.12,899.75,28.6,0.0,1114.39,-2.48
83.91,-0.07,7.09,7.7,0.05,0.09,0.13,0.1,897.93,28.61,0.0,1114.49,-2.62
83.92,-0.14,7.11,7.67,0.04,0.08,0.12,0.07,898.9,28.61,0.0,1114.54,-2.79
83.93,-0.19,7.15,7.64,0.02,0.06,0.07,0.05,901.28,28.61,0.0,1114.56,-2.91
83.94,-0.21,7.2,7.64,0.0,0.04,-0.0,0.04,903.68,28.61,0.0,1114.56,-2.93
83.95,-0.19,7.25,7.64,-0.01,0.02,-0.07,0.06,905.36,28.6,0.0,1114.54,-2.83
83.96,-0.13,7.27,7.65,-0.01,0.01,-0.11,0.07,906.24,28.6,0.0,1114.45,-2.66
83.97,-0.04,7.29,7.66,-0.01,0.0,-0.13,0.07,906.61,28.61,0.0,1114.27,-2.45
83.98,0.06,7.31,7.68,0.0,0.0,-0.13,0.07,905.9,28.61,0.0,1114.06,-2.25
83.99,0.11,7.34,7.69,0.02,0.01,-0.1,0.06,902.01,28.62,0.0,1114.03,-2.1
84.0,0.08,7.41,7.69,0.05,0.03,-0.07,0.06,893.66,28.63,0.0,1114.29,-2.04
84.01,-0.02,7.49,7.68,0.07,0.04,-0.02,0.08,883.49,28.63,0.0,1114.74,-2.06
84.02,-0.14,7.55,7.66,0.09,0.06,0.02,0.1,877.19,28.63,0.0,1115.07,-2.16
84.03,-0.23,7.56,7.64,0.09,0.07,0.08,0.13,878.62,28.63,0.0,1115.08,-2.33
84.04,-0.28,7.53,7.64,0.09,0.08,0.13,0.15,886.11,28.62,0.0,1114.76,-2.53
84.05,-0.27,7.49,7.65,0.08,0.09,0.18,0.17,894.18,28.62,0.0,1114.22,-2.69
84.06,-0.19,7.45,7.69,0.07,0.08,0.22,0.2,898.2,28.62,0.0,1113.62,-2.8
84.07,-0.09,7.43,7.74,0.05,0.06,0.24,0.22,897.6,28.62,0.0,1113.13,-2.81
84.08,-0.02,7.43,7.78,0.03,0.04,0.22,0.23,895.07,28.61,0.0,1112.97,-2.71
84.09,-0.02,7.42,7.8,0.01,0.02,0.16,0.21,893.46,28.61,0.0,1113.24,-2.48
84.1,-0.08,7.41,7.81,-0.0,0.0,0.07,0.19,893.94,28.61,0.0,1113.82,-2.19
84.11,-0.15,7.42,7.8,-0.01,-0.01,-0.02,0.16,896.35,28.61,0.0,1114.49,-1.94
84.12,-0.22,7.47,7.8,-0.01,-0.02,-0.1,0.14,899.95,28.62,0.0,1115.05,-1.82
84.13,-0.26,7.53,7.81,0.0,-0.02,-0.16,0.14,904.01,28.63,0.0,1115.43,-1.82
84.14,-0.25,7.59,7.81,0.02,-0.01,-0.17,0.14,908.53,28.63,0.0,1115.64,-1.91
84.15,-0.21,7.61,7.8,0.04,0.01,-0.13,0.12,913.62,28.63,0.0,1115.75,-2.06
84.16,-0.15,7.59,7.78,0.06,0.03,-0.07,0.11,918.43,28.63,0.0,1115.8,-2.23
84.17,-0.1,7.54,7.77,0.08,0.04,0.02,0.09,921.34,28.62,0.0,1115.8,-2.36
84.18,-0.08,7.45,7.78,0.09,0.06,0.12,0.08,921.4,28.62,0.0,1115.75,-2.47
84.19,-0.09,7.35,7.8,0.08,0.07,0.2,0.08,918.84,28.62,0.0,1115.69,-2.52
84.2,-0.14,7.27,7.81,0.07,0.08,0.25,0.08,914.17,28.62,0.0,1115.62,-2.5
84.21,-0.21,7.22,7.78,0.06,0.08,0.26,0.09,908.07,28.62,0.0,1115.56,-2.4
84.22,-0.27,7.19,7.73,0.04,0.08,0.22,0.1,902.16,28.62,0.0,1115.52,-2.25
84.23,-0.31,7.19,7.67,0.02,0.06,0.16,0.11,898.56,28.62,0.0,1115.54,-2.09
84.24,-0.29,7.19,7.61,0.01,0.04,0.08,0.11,898.43,28.62,0.0,1115.6,-1.96
84.25,-0.23,7.2,7.57,-0.01,0.02,0.01,0.12,900.22,28.63,0.0,1115.7,-1.88
84.26,-0.16,7.23,7.56,-0.01,0.01,-0.05,0.13,899.91,28.63,0.0,1115.83,-1.87
84.27,-0.11,7.29,7.58,-0.0,-0.0,-0.09,0.13,894.56,28.63,0.0,1115.97,-1.93
84.28,-0.08,7.38,7.63,0.01,-0.0,-0.11,0.12,885.8,28.62,0.0,1116.07,-2.05
84.29,-0.09,7.46,7.67,0.03,0.0,-0.09,0.12,878.66,28.62,0.0,1116.01,-2.22
84.3,-0.14,7.52,7.7,0.05,0.02,-0.05,0.11,876.97,28.62,0.0,1115.73,-2.42
84.31,-0.21,7.54,7.72,0.07,0.04,0.0,0.1,880.34,28.61,0.0,1115.34,-2.63
84.32,-0.27,7.52,7.72,0.09,0.06,0.05,0.1,885.24,28.61,0.0,1115.05,-2.76
84.33,-0.29,7.49,7.72,0.09,0.08,0.06,0.09,888.37,28.61,0.0,1115.02,-2.79
84.34,-0.27,7.44,7.72,0.09,0.09,0.05,0.09,889.31,28.61,0.0,1115.25,-2.72
84.35,-0.21,7.39,7.72,0.08,0.1,0.04,0.1,890.54,28.61,0.0,1115.62,-2.58
84.36,-0.11,7.34,7.7,0.06,0.1,0.05,0.11,894.39,28.61,0.0,1116.03,-2.38
84.37,-0.01,7.31,7.68,0.04,0.08,0.08,0.12,899.92,28.61,0.0,1116.35,-2.2
84.38,0.04,7.3,7.66,0.02,0.07,0.1,0.14,903.4,28.61,0.0,1116.48,-2.12
84.39,0.02,7.32,7.65,0.01,0.05,0.13,0.15,902.01,28.61,0.0,1116.39,-2.19
84.4,-0.07,7.37,7.67,-0.0,0.03,0.13,0.16,897.16,28.62,0.0,1116.14,-2.38
84.41,-0.17,7.42,7.69,-0.0,0.01,0.13,0.15,893.83,28.62,0.0,1115.83,-2.61
84.42,-0.25,7.48,7.72,0.0,-0.0,0.12,0.13,895.89,28.62,0.0,1115.54,-2.8
84.43,-0.29,7.52,7.75,0.01,-0.01,0.1,0.1,902.74,28.61,0.0,1115.3,-2.92
84.44,-0.28,7.54,7.77,0.03,-0.01,0.09,0.07,910.67,28.61,0.0,1115.1,-2.96
84.45,-0.2,7.55,7.76,0.05,0.0,0.09,0.05,916.36,28.6,0.0,1114.91,-2.94
84.46,-0.09,7.54,7.74,0.07,0.02,0.1,0.04,918.35,28.59,0.0,1114.71,-2.89
84.47,-0.01,7.5,7.72,0.08,0.04,0.1,0.04,916.36,28.59,0.0,1114.52,-2.79
84.48,0.02,7.45,7.69,0.09,0.06,0.1,0.04,911.16,28.58,0.0,1114.35,-2.67
84.49,-0.01,7.4,7.67,0.09,0.08,0.1,0.04,904.82,28.59,0.0,1114.21,-2.53
84.5,-0.08,7.34,7.67,0.08,0.09,0.08,0.04,899.93,28.59,0.0,1114.13,-2.43
84.51,-0.16,7.29,7.68,0.06,0.09,0.07,0.04,898.06,28.6,0.0,1114.12,-2.38
84.52,-0.24,7.26,7.7,0.04,0.08,0.05,0.03,898.99,28.61,0.0,1114.15,-2.4
84.53,-0.27,7.25,7.72,0.02,0.07,0.05,0.03,901.39,28.61,0.0,1114.2,-2.46
84.54,-0.25,7.28,7.72,0.01,0.05,0.08,0.03,903.92,28.61,0.0,1114.23,-2.55
84.55,-0.19,7.33,7.71,-0.01,0.03,0.12,0.04,905.79,28.6,0.0,1114.24,-2.65
84.56,-0.12,7.37,7.7,-0.01,0.01,0.16,0.04,906.83,28.6,0.0,1114.24,-2.72
84.57,-0.08,7.38,7.7,-0.0,0.0,0.19,0.05,907.21,28.6,0.0,1114.24,-2.74
84.58,-0.08,7.36,7.71,0.01,0.0,0.19,0.06,906.73,28.6,0.0,1114.3,-2.71
84.59,-0.1,7.33,7.72,0.03,0.01,0.17,0.06,904.35,28.6,0.0,1114.49,-2.63
84.6,-0.16,7.31,7.72,0.06,0.03,0.1,0.07,899.43,28.6,0.0,1114.87,-2.52
84.61,-0.21,7.32,7.7,0.08,0.04,0.02,0.07,893.62,28.6,0.0,1115.33,-2.39
84.62,-0.24,7.33,7.68,0.09,0.06,-0.03,0.07,890.44,28.6,0.0,1115.63,-2.27
84.63,-0.21,7.36,7.67,0.1,0.07,-0.01,0.08,892.21,28.6,0.0,1115.62,-2.15
84.64,-0.15,7.4,7.66,0.09,0.08,0.07,0.09,897.49,28.59,0.0,1115.32,-2.07
84.65,-0.09,7.42,7.66,0.08,0.08,0.16,0.1,902.0,28.59,0.0,1114.82,-2.1
84.66,-0.06,7.43,7.67,0.06,0.08,0.2,0.11,902.37,28.58,0.0,1114.23,-2.25
84.67,-0.08,7.43,7.67,0.04,0.07,0.2,0.11,898.87,28.57,0.0,1113.72,-2.47
84.68,-0.13,7.44,7.68,0.02,0.05,0.17,0.12,894.58,28.57,0.0,1113.45,-2.65
84.69,-0.22,7.46,7.7,0.0,0.04,0.13,0.14,892.27,28.56,0.0,1113.51,-2.71
84.7,-0.32,7.5,7.72,-0.01,0.02,0.09,0.15,892.78,28.56,0.0,1113.83,-2.64
84.71,-0.37,7.55,7.75,-0.01,0.0,0.07,0.16,895.58,28.57,0.0,1114.29,-2.51
84.72,-0.36,7.61,7.79,-0.01,-0.0,0.06,0.14,899.63,28.58,0.0,1114.77,-2.38
84.73,-0.28,7.66,7.82,0.01,-0.0,0.06,0.11,904.1,28.58,0.0,1115.18,-2.29
84.74,-0.17,7.69,7.85,0.02,0.0,0.06,0.08,909.21,28.59,0.0,1115.48,-2.2
84.75,-0.05,7.68,7.88,0.05,0.01,0.05,0.07,915.26,28.59,0.0,1115.67,-2.11
84.76,0.05,7.65,7.89,0.07,0.03,0.03,0.06,921.13,28.59,0.0,1115.77,-2.02
84.77,0.1,7.59,7.89,0.08,0.05,0.01,0.07,924.55,28.59,0.0,1115.8,-1.99
84.78,0.06,7.5,7.88,0.09,0.07,0.02,0.07,924.14,28.59,0.0,1115.76,-2.05
84.79,-0.03,7.41,7.86,0.08,0.08,0.05,0.08,920.54,28.58,0.0,1115.69,-2.19
84.8,-0.13,7.33,7.82,0.07,0.09,0.06,0.08,915.42,28.58,0.0,1115.65,-2.35
84.81,-0.22,7.27,7.79,0.05,0.09,0.06,0.08,910.34,28.58,0.0,1115.67,-2.49
84.82,-0.27,7.23,7.75,0.04,0.08,0.05,0.09,906.56,28.58,0.0,1115.73,-2.58
84.83,-0.26,7.21,7.72,0.02,0.06,0.04,0.1,905.07,28.58,0.0,1115.79,-2.58
84.84,-0.18,7.2,7.69,0.01,0.04,0.06,0.12,906.07,28.59,0.0,1115.81,-2.49
84.85,-0.08,7.21,7.68,-0.0,0.02,0.11,0.14,907.73,28.59,0.0,1115.78,-2.36
84.86,0.0,7.22,7.67,-0.01,-0.0,0.14,0.16,906.03,28.6,0.0,1115.68,-2.23
84.87,0.01,7.23,7.67,-0.01,-0.01,0.15,0.16,898.34,28.6,0.0,1115.53,-2.15
84.88,-0.04,7.24,7.67,0.0,-0.01,0.13,0.16,887.24,28.59,0.0,1115.35,-2.11
84.89,-0.13,7.25,7.69,0.02,-0.0,0.09,0.15,879.2,28.58,0.0,1115.17,-2.12
84.9,-0.2,7.25,7.72,0.04,0.01,0.05,0.15,878.91,28.57,0.0,1115.02,-2.14
84.91,-0.25,7.25,7.76,0.06,0.03,0.01,0.16,885.23,28.57,0.0,1114.91,-2.19
84.92,-0.26,7.26,7.78,0.08,0.05,-0.01,0.15,892.77,28.57,0.0,1114.83,-2.28
84.93,-0.22,7.27,7.77,0.09,0.07,-0.01,0.12,896.79,28.57,0.0,1114.79,-2.44
84.94,-0.16,7.3,7.74,0.09,0.09,0.02,0.07,896.5,28.58,0.0,1114.79,-2.62
84.95,-0.11,7.33,7.7,0.08,0.09,0.04,0.04,894.35,28.59,0.0,1114.91,-2.74
84.96,-0.1,7.35,7.65,0.07,0.09,0.05,0.04,893.08,28.6,0.0,1115.17,-2.76
84.97,-0.12,7.38,7.61,0.05,0.08,0.04,0.07,893.76,28.6,0.0,1115.51,-2.68
84.98,-0.17,7.43,7.6,0.03,0.06,0.05,0.11,896.26,28.59,0.0,1115.73,-2.53
84.99,-0.23,7.5,7.64,0.02,0.04,0.07,0.15,899.88,28.59,0.0,1115.71,-2.35
85.0,-0.27,7.59,7.7,0.01,0.02,0.1,0.17,903.94,28.58,0.0,1115.49,-2.19
85.01,-0.29,7.68,7.76,0.0,0.01,0.11,0.17,908.5,28.57,0.0,1115.21,-2.09
85.02,-0.25,7.74,7.8,0.0,0.0,0.07,0.15,913.72,28.57,0.0,1114.99,-2.09
85.03,-0.18,7.77,7.8,0.01,0.01,-0.0,0.11,918.66,28.56,0.0,1114.89,-2.16
85.04,-0.11,7.73,7.79,0.03,0.02,-0.09,0.08,921.46,28.56,0.0,1114.89,-2.31
85.05,-0.07,7.62,7.77,0.05,0.03,-0.16,0.05,921.02,28.55,0.0,1114.94,-2.52
85.06,-0.05,7.47,7.76,0.07,0.05,-0.19,0.03,917.79,28.55,0.0,1115.02,-2.74
85.07,-0.07,7.33,7.74,0.09,0.06,-0.18,0.02,912.8,28.55,0.0,1115.11,-2.88
85.08,-0.1,7.23,7.72,0.09,0.08,-0.13,0.02,907.12,28.55,0.0,1115.2,-2.9
85.09,-0.14,7.19,7.7,0.09,0.09,-0.04,0.02,902.2,28.56,0.0,1115.28,-2.82
85.1,-0.18,7.17,7.69,0.08,0.09,0.04,0.03,899.7,28.56,0.0,1115.26,-2.7
85.11,-0.19,7.17,7.68,0.06,0.09,0.08,0.06,900.38,28.56,0.0,1115.11,-2.59
85.12,-0.2,7.16,7.69,0.04,0.07,0.09,0.09,902.45,28.56,0.0,1114.88,-2.51
85.13,-0.17,7.15,7.72,0.03,0.05,0.08,0.12,901.68,28.56,0.0,1114.68,-2.45
85.14,-0.13,7.13,7.75,0.01,0.03,0.06,0.14,895.13,28.56,0.0,1114.6,-2.38
85.15,-0.07,7.11,7.79,-0.0,0.0,0.05,0.14,884.92,28.56,0.0,1114.66,-2.31
85.16,-0.04,7.11,7.8,-0.01,-0.01,0.04,0.13,876.94,28.57,0.0,1114.88,-2.29
85.17,-0.06,7.14,7.79,-0.01,-0.02,0.01,0.1,875.59,28.57,0.0,1115.22,-2.33
85.18,-0.11,7.2,7.77,0.01,-0.02,-0.01,0.06,880.19,28.57,0.0,1115.6,-2.44
85.19,-0.16,7.28,7.75,0.02,-0.02,-0.02,0.03,886.28,28.57,0.0,1115.88,-2.58
85.2,-0.19,7.37,7.75,0.05,0.0,-0.0,0.01,889.81,28.58,0.0,1116.0,-2.73
85.21,-0.2,7.45,7.77,0.07,0.02,0.03,0.01,890.33,28.58,0.0,1115.98,-2.86
85.22,-0.17,7.52,7.8,0.09,0.05,0.06,0.02,890.74,28.59,0.0,1115.92,-2.9
85.23,-0.1,7.57,7.8,0.09,0.07,0.07,0.05,893.84,28.59,0.0,1115.91,-2.84
85.24,-0.03,7.6,7.79,0.09,0.08,0.06,0.07,899.0,28.58,0.0,1115.94,-2.7
85.25,0.01,7.62,7.75,0.08,0.09,0.04,0.11,902.62,28.57,0.0,1115.9,-2.51
85.26,-0.01,7.65,7.71,0.06,0.09,0.03,0.15,901.85,28.57,0.0,1115.68,-2.34
85.27,-0.08,7.67,7.67,0.04,0.08,0.03,0.19,897.77,28.57,0.0,1115.31,-2.21
85.28,-0.17,7.68,7.64,0.02,0.06,0.04,0.22,894.74,28.57,0.0,1114.84,-2.15
85.29,-0.26,7.66,7.62,0.01,0.04,0.06,0.24,896.27,28.56,0.0,1114.35,-2.16
85.3,-0.31,7.61,7.63,-0.0,0.02,0.08,0.25,901.97,28.55,0.0,1113.95,-2.24
85.31,-0.32,7.55,7.65,-0.01,0.0,0.09,0.24,908.8,28.55,0.0,1113.77,-2.36
85.32,-0.28,7.49,7.7,-0.01,-0.01,0.06,0.21,913.95,28.55,0.0,1113.9,-2.49
85.33,-0.2,7.42,7.75,0.01,-0.0,0.01,0.16,916.07,28.56,0.0,1114.28,-2.62
85.34,-0.13,7.36,7.79,0.02,0.0,-0.04,0.12,914.85,28.57,0.0,1114.82,-2.71
85.35,-0.09,7.31,7.79,0.04,0.02,-0.09,0.07,910.83,28.58,0.0,1115.43,-2.75
85.36,-0.08,7.26,7.76,0.06,0.03,-0.12,0.04,905.67,28.58,0.0,1115.98,-2.74
85.37,-0.11,7.25,7.73,0.07,0.05,-0.13,0.02,901.42,28.58,0.0,1116.26,-2.69
85.38,-0.16,7.28,7.71,0.08,0.06,-0.11,0.03,899.31,28.57,0.0,1116.16,-2.59
85.39,-0.23,7.33,7.71,0.08,0.08,-0.09,0.06,899.4,28.56,0.0,1115.79,-2.47
85.4,-0.28,7.39,7.72,0.07,0.08,-0.06,0.1,901.02,28.55,0.0,1115.37,-2.35
85.41,-0.27,7.42,7.73,0.06,0.07,-0.03,0.15,903.34,28.55,0.0,1115.06,-2.23
85.42,-0.23,7.42,7.74,0.05,0.06,-0.0,0.2,905.61,28.55,0.0,1114.94,-2.14
85.43,-0.16,7.36,7.75,0.03,0.05,0.01,0.23,907.34,28.55,0.0,1114.98,-2.12
85.44,-0.08,7.26,7.74,0.02,0.03,0.02,0.23,908.39,28.55,0.0,1115.09,-2.19
85.45,-0.02,7.14,7.74,0.0,0.02,0.02,0.21,907.92,28.56,0.0,1115.21,-2.33
85.46,0.01,7.05,7.73,-0.0,0.0,0.02,0.18,903.59,28.56,0.0,1115.24,-2.47
85.47,-0.02,7.03,7.73,-0.0,-0.0,-0.0,0.17,894.07,28.56,0.0,1115.12,-2.56
85.48,-0.09,7.08,7.74,0.01,-0.01,-0.02,0.16,882.39,28.55,0.0,1114.9,-2.58
85.49,-0.15,7.18,7.74,0.03,-0.0,-0.03,0.15,874.89,28.55,0.0,1114.64,-2.5
85.5,-0.17,7.29,7.72,0.04,0.01,-0.03,0.11,875.83,28.55,0.0,1114.42,-2.33
85.51,-0.15,7.39,7.7,0.06,0.02,-0.01,0.07,883.57,28.55,0.0,1114.27,-2.12
85.52,-0.11,7.49,7.69,0.07,0.04,0.02,0.04,892.31,28.54,0.0,1114.16,-1.94
85.53,-0.05,7.59,7.71,0.08,0.06,0.06,0.04,897.16,28.54,0.0,1114.06,-1.83
85.54,-0.02,7.68,7.76,0.07,0.08,0.09,0.08,897.27,28.53,0.0,1114.01,-1.81
85.55,-0.03,7.72,7.79,0.07,0.09,0.12,0.12,895.13,28.53,0.0,1114.11,-1.87
85.56,-0.1,7.71,7.76,0.05,0.09,0.14,0.16,893.57,28.53,0.0,1114.42,-2.01
85.57,-0.21,7.64,7.69,0.04,0.08,0.15,0.19,893.85,28.53,0.0,1114.87,-2.17
85.58,-0.3,7.55,7.62,0.03,0.07,0.14,0.19,896.01,28.54,0.0,1115.28,-2.33
85.59,-0.34,7.46,7.58,0.01,0.05,0.11,0.17,899.45,28.54,0.0,1115.56,-2.44
85.6,-0.32,7.38,7.57,-0.0,0.03,0.06,0.13,903.52,28.55,0.0,1115.65,-2.51
85.61,-0.26,7.35,7.59,-0.01,0.01,0.02,0.08,908.21,28.56,0.0,1115.59,-2.5
85.62,-0.17,7.37,7.63,-0.0,0.0,-0.03,0.05,913.61,28.55,0.0,1115.41,-2.4
85.63,-0.07,7.42,7.66,0.01,0.0,-0.06,0.04,918.71,28.55,0.0,1115.17,-2.25
85.64,-0.01,7.47,7.69,0.03,0.01,-0.06,0.05,921.62,28.54,0.0,1114.89,-2.1
85.65,0.0,7.51,7.69,0.05,0.02,-0.01,0.08,921.22,28.53,0.0,1114.57,-1.99
85.66,-0.03,7.5,7.69,0.07,0.04,0.06,0.11,918.16,28.52,0.0,1114.28,-1.93
85.67,-0.1,7.46,7.69,0.08,0.05,0.12,0.14,914.03,28.52,0.0,1114.11,-1.96
85.68,-0.18,7.37,7.71,0.09,0.06,0.14,0.15,910.25,28.52,0.0,1114.12,-2.09
85.69,-0.25,7.26,7.73,0.09,0.08,0.11,0.15,907.74,28.53,0.0,1114.27,-2.29
85.7,-0.28,7.15,7.75,0.08,0.08,0.05,0.15,906.98,28.53,0.0,1114.36,-2.55
85.71,-0.24,7.05,7.75,0.07,0.07,-0.01,0.15,907.88,28.54,0.0,1114.29,-2.83
85.72,-0.17,6.99,7.72,0.05,0.06,-0.06,0.17,908.79,28.54,0.0,1114.04,-3.09
85.73,-0.11,6.98,7.69,0.04,0.04,-0.08,0.19,906.1,28.54,0.0,1113.64,-3.22
85.74,-0.09,7.04,7.67,0.02,0.02,-0.06,0.18,897.55,28.53,0.0,1113.15,-3.18
85.75,-0.12,7.14,7.67,0.0,0.0,-0.03,0.16,885.74,28.53,0.0,1112.72,-3.0
85.76,-0.18,7.28,7.67,-0.01,-0.0,0.01,0.12,876.78,28.53,0.0,1112.58,-2.75
85.77,-0.26,7.42,7.68,-0.01,-0.01,0.04,0.07,875.03,28.52,0.0,1112.86,-2.5
85.78,-0.31,7.56,7.68,0.0,-0.0,0.06,0.03,879.63,28.52,0.0,1113.43,-2.31
85.79,-0.33,7.67,7.66,0.02,0.01,0.05,-0.0,885.92,28.52,0.0,1114.03,-2.22
85.8,-0.29,7.74,7.63,0.04,0.02,0.02,-0.02,889.68,28.53,0.0,1114.43,-2.25
85.81,-0.23,7.78,7.59,0.07,0.04,-0.01,-0.02,890.35,28.53,0.0,1114.58,-2.36
85.82,-0.16,7.76,7.57,0.09,0.05,-0.05,-0.01,890.83,28.54,0.0,1114.5,-2.52
85.83,-0.11,7.69,7.57,0.09,0.07,-0.07,0.01,893.95,28.54,0.0,1114.31,-2.7
85.84,-0.08,7.58,7.6,0.09,0.09,-0.08,0.03,899.62,28.55,0.0,1114.06,-2.86
85.85,-0.1,7.48,7.64,0.08,0.1,-0.09,0.04,905.75,28.55,0.0,1113.77,-2.95
85.86,-0.15,7.39,7.69,0.06,0.1,-0.09,0.05,910.42,28.55,0.0,1113.42,-2.94
85.87,-0.21,7.34,7.73,0.05,0.09,-0.1,0.05,913.16,28.55,0.0,1113.08,-2.86
85.88,-0.26,7.31,7.74,0.03,0.07,-0.11,0.07,915.05,28.54,0.0,1112.84,-2.72
85.89,-0.27,7.3,7.72,0.01,0.05,-0.09,0.1,917.33,28.53,0.0,1112.74,-2.54
85.9,-0.25,7.3,7.67,-0.01,0.03,-0.08,0.13,919.91,28.53,0.0,1112.78,-2.36
85.91,-0.18,7.31,7.63,-0.01,0.01,-0.07,0.16,921.51,28.52,0.0,1112.89,-2.24
85.92,-0.09,7.35,7.62,-0.01,0.0,-0.08,0.18,921.13,28.52,0.0,1113.02,-2.21
85.93,0.01,7.39,7.64,0.0,0.0,-0.1,0.17,918.77,28.52,0.0,1113.13,-2.26
85.94,0.08,7.42,7.67,0.02,0.01,-0.12,0.15,914.68,28.53,0.0,1113.23,-2.39
85.95,0.09,7.43,7.7,0.04,0.02,-0.11,0.11,909.38,28.53,0.0,1113.35,-2.59
85.96,0.05,7.42,7.72,0.07,0.03,-0.08,0.07,904.21,28.54,0.0,1113.47,-2.79
85.97,-0.03,7.36,7.73,0.09,0.05,-0.03,0.05,901.02,28.54,0.0,1113.56,-2.96
85.98,-0.11,7.27,7.73,0.09,0.06,0.02,0.06,900.82,28.55,0.0,1113.62,-3.06
85.99,-0.19,7.15,7.72,0.09,0.07,0.07,0.09,902.1,28.55,0.0,1113.65,-3.07
86.0,-0.23,7.06,7.72,0.08,0.08,0.11,0.12,900.83,28.55,0.0,1113.68,-2.96
86.01,-0.21,7.02,7.72,0.06,0.08,0.13,0.14,894.12,28.55,0.0,1113.76,-2.71
86.02,-0.16,7.03,7.72,0.05,0.07,0.13,0.15,883.98,28.55,0.0,1113.86,-2.4
86.03,-0.11,7.09,7.73,0.03,0.06,0.11,0.15,875.96,28.56,0.0,1113.92,-2.13
86.04,-0.09,7.19,7.73,0.01,0.04,0.07,0.14,874.22,28.56,0.0,1113.9,-1.99
86.05,-0.11,7.3,7.73,-0.0,0.02,0.02,0.14,878.18,28.55,0.0,1113.81,-1.97
86.06,-0.14,7.42,7.73,-0.01,0.01,-0.0,0.15,883.79,28.55,0.0,1113.65,-2.05
86.07,-0.18,7.55,7.74,-0.0,0.0,0.02,0.18,887.28,28.56,0.0,1113.43,-2.19
86.08,-0.21,7.68,7.76,0.01,0.0,0.07,0.21,888.17,28.56,0.0,1113.22,-2.33
86.09,-0.2,7.76,7.76,0.02,0.01,0.11,0.21,889.22,28.56,0.0,1113.07,-2.43
86.1,-0.15,7.78,7.73,0.04,0.03,0.1,0.19,893.0,28.56,0.0,1113.01,-2.46
86.11,-0.06,7.75,7.67,0.06,0.04,0.05,0.13,898.72,28.56,0.0,1113.01,-2.45
86.12,-0.01,7.67,7.62,0.08,0.06,0.0,0.08,902.7,28.55,0.0,1112.96,-2.39
86.13,-0.02,7.56,7.6,0.09,0.08,-0.02,0.05,902.1,28.55,0.0,1112.78,-2.32
86.14,-0.09,7.44,7.6,0.09,0.09,-0.01,0.05,898.03,28.55,0.0,1112.52,-2.25
86.15,-0.19,7.34,7.61,0.08,0.1,0.01,0.08,894.95,28.55,0.0,1112.31,-2.2
86.16,-0.3,7.26,7.61,0.06,0.09,0.05,0.11,896.41,28.54,0.0,1112.28,-2.16
86.17,-0.39,7.23,7.59,0.05,0.08,0.07,0.15,902.06,28.54,0.0,1112.44,-2.14
86.18,-0.43,7.24,7.58,0.03,0.06,0.08,0.18,908.88,28.54,0.0,1112.76,-2.13
86.19,-0.39,7.29,7.57,0.01,0.04,0.09,0.19,914.03,28.54,0.0,1113.19,-2.14
86.2,-0.3,7.35,7.59,-0.0,0.02,0.08,0.19,916.16,28.55,0.0,1113.63,-2.16
86.21,-0.18,7.39,7.64,-0.01,0.0,0.07,0.17,914.95,28.55,0.0,1113.93,-2.22
86.22,-0.07,7.38,7.72,-0.01,-0.0,0.05,0.13,910.94,28.55,0.0,1114.0,-2.33
86.23,0.01,7.34,7.83,0.01,0.0,0.03,0.08,905.79,28.55,0.0,1113.88,-2.46
86.24,0.03,7.28,7.91,0.02,0.01,0.0,0.05,901.53,28.55,0.0,1113.66,-2.52
86.25,-0.0,7.23,7.95,0.05,0.02,-0.03,0.02,899.42,28.55,0.0,1113.41,-2.47
86.26,-0.08,7.21,7.95,0.07,0.04,-0.05,0.02,899.44,28.54,0.0,1113.21,-2.32
86.27,-0.16,7.21,7.91,0.08,0.05,-0.04,0.04,900.78,28.54,0.0,1113.07,-2.14
86.28,-0.22,7.22,7.83,0.09,0.06,0.01,0.08,902.53,28.53,0.0,1113.01,-2.0
86.29,-0.23,7.24,7.74,0.1,0.08,0.09,0.12,904.13,28.52,0.0,1113.0,-1.92
86.3,-0.2,7.24,7.66,0.09,0.08,0.14,0.16,905.65,28.51,0.0,1112.97,-1.94
86.31,-0.13,7.23,7.6,0.08,0.08,0.15,0.18,907.28,28.5,0.0,1112.91,-2.07
86.32,-0.05,7.21,7.56,0.06,0.08,0.12,0.18,907.96,28.49,0.0,1112.79,-2.26
86.33,0.01,7.22,7.56,0.04,0.06,0.07,0.16,904.77,28.49,0.0,1112.6,-2.47
86.34,-0.0,7.28,7.59,0.02,0.04,0.02,0.13,895.92,28.49,0.0,1112.35,-2.67
86.35,-0.06,7.37,7.64,-0.0,0.02,-0.01,0.09,884.32,28.5,0.0,1112.11,-2.83
86.36,-0.14,7.47,7.69,-0.01,0.0,-0.03,0.06,876.44,28.51,0.0,1111.98,-2.92
86.37,-0.21,7.53,7.72,-0.01,-0.01,-0.04,0.04,876.79,28.51,0.0,1112.04,-2.93
86.38,-0.24,7.56,7.73,-0.0,-0.01,-0.04,0.02,883.93,28.51,0.0,1112.28,-2.87
86.39,-0.23,7.56,7.74,0.01,-0.01,-0.03,0.03,892.22,28.5,0.0,1112.62,-2.75
86.4,-0.17,7.55,7.74,0.04,0.0,0.0,0.05,896.81,28.5,0.0,1113.03,-2.61
86.41,-0.09,7.54,7.75,0.06,0.02,0.05,0.08,896.84,28.49,0.0,1113.4,-2.48
86.42,-0.04,7.52,7.75,0.08,0.03,0.09,0.11,894.76,28.49,0.0,1113.65,-2.39
86.43,-0.04,7.49,7.73,0.09,0.04,0.11,0.14,893.32,28.49,0.0,1113.74,-2.37
86.44,-0.08,7.46,7.71,0.09,0.06,0.1,0.17,893.73,28.49,0.0,1113.66,-2.43
86.45,-0.16,7.44,7.69,0.08,0.07,0.08,0.18,896.0,28.49,0.0,1113.35,-2.58
86.46,-0.24,7.43,7.68,0.07,0.07,0.06,0.19,899.51,28.5,0.0,1112.83,-2.81
86.47,-0.31,7.44,7.69,0.05,0.06,0.05,0.2,903.6,28.51,0.0,1112.21,-3.05
86.48,-0.34,7.45,7.7,0.03,0.05,0.05,0.2,908.29,28.51,0.0,1111.7,-3.22
86.49,-0.31,7.46,7.68,0.02,0.04,0.08,0.2,913.66,28.51,0.0,1111.42,-3.26
86.5,-0.25,7.47,7.66,0.01,0.02,0.11,0.19,918.73,28.51,0.0,1111.39,-3.16
86.51,-0.17,7.47,7.65,-0.0,0.01,0.12,0.17,921.61,28.5,0.0,1111.55,-2.95
86.52,-0.1,7.46,7.68,0.0,-0.0,0.11,0.15,921.18,28.5,0.0,1111.83,-2.65
86.53,-0.05,7.45,7.74,0.01,-0.01,0.08,0.13,917.9,28.5,0.0,1112.12,-2.36
86.54,-0.04,7.44,7.79,0.02,-0.01,0.04,0.1,912.86,28.51,0.0,1112.32,-2.17
86.55,-0.09,7.44,7.8,0.04,-0.0,-0.01,0.08,907.16,28.51,0.0,1112.38,-2.12
86.56,-0.18,7.44,7.78,0.07,0.01,-0.05,0.05,902.26,28.51,0.0,1112.32,-2.21
86.57,-0.26,7.44,7.74,0.08,0.02,-0.07,0.05,899.8,28.51,0.0,1112.2,-2.39
86.58,-0.31,7.41,7.71,0.09,0.04,-0.06,0.06,900.52,28.51,0.0,1112.08,-2.59
86.59,-0.32,7.37,7.69,0.09,0.06,-0.02,0.09,902.62,28.5,0.0,1112.0,-2.78
86.6,-0.28,7.34,7.67,0.08,0.07,0.03,0.13,901.84,28.5,0.0,1111.98,-2.89
86.61,-0.21,7.32,7.66,0.07,0.07,0.09,0.16,895.23,28.5,0.0,1112.02,-2.93
86.62,-0.14,7.31,7.65,0.05,0.06,0.15,0.19,884.95,28.51,0.0,1112.13,-2.9
86.63,-0.09,7.33,7.64,0.03,0.05,0.19,0.19,876.91,28.51,0.0,1112.31,-2.79
86.64,-0.11,7.34,7.62,0.01,0.03,0.2,0.16,875.57,28.5,0.0,1112.56,-2.61
86.65,-0.18,7.36,7.6,-0.0,0.01,0.2,0.13,880.2,28.49,0.0,1112.82,-2.41
86.66,-0.24,7.39,7.61,-0.01,-0.0,0.18,0.08,886.31,28.48,0.0,1112.99,-2.23
86.67,-0.27,7.44,7.64,-0.0,-0.02,0.17,0.05,889.82,28.48,0.0,1112.99,-2.09
86.68,-0.26,7.5,7.7,0.01,-0.02,0.16,0.02,890.27,28.48,0.0,1112.84,-2.01
86.69,-0.19,7.54,7.74,0.03,-0.01,0.15,0.01,890.62,28.49,0.0,1112.62,-2.01
86.7,-0.08,7.55,7.74,0.05,-0.0,0.12,0.02,893.69,28.49,0.0,1112.4,-2.09
86.71,0.04,7.53,7.7,0.07,0.01,0.09,0.05,898.84,28.5,0.0,1112.21,-2.23
86.72,0.11,7.5,7.66,0.09,0.03,0.07,0.08,902.47,28.5,0.0,1112.07,-2.38
86.73,0.1,7.47,7.64,0.09,0.06,0.05,0.1,901.71,28.5,0.0,1111.96,-2.52
86.74,0.02,7.46,7.65,0.09,0.08,0.04,0.11,897.63,28.5,0.0,1111.9,-2.62
86.75,-0.1,7.45,7.67,0.09,0.09,0.03,0.11,894.6,28.5,0.0,1111.89,-2.64
86.76,-0.22,7.44,7.68,0.07,0.1,0.03,0.1,896.15,28.5,0.0,1111.96,-2.59
86.77,-0.3,7.42,7.67,0.05,0.09,0.02,0.09,901.87,28.5,0.0,1112.04,-2.48
86.78,-0.32,7.39,7.63,0.03,0.07,0.02,0.09,908.73,28.51,0.0,1112.03,-2.35
86.79,-0.26,7.37,7.56,0.01,0.05,0.01,0.08,913.9,28.51,0.0,1111.85,-2.24
86.8,-0.14,7.35,7.48,-0.0,0.02,0.0,0.07,916.04,28.52,0.0,1111.57,-2.16
86.81,-0.02,7.36,7.44,-0.01,0.0,-0.02,0.06,914.81,28.52,0.0,1111.39,-2.15
86.82,0.05,7.4,7.46,-0.01,-0.01,-0.06,0.05,910.78,28.52,0.0,1111.42,-2.21
86.83,0.08,7.46,7.53,0.01,-0.02,-0.11,0.04,905.62,28.51,0.0,1111.67,-2.32
86.84,0.05,7.51,7.61,0.03,-0.01,-0.13,0.04,901.36,28.51,0.0,1112.01,-2.44
86.85,-0.04,7.54,7.68,0.05,0.0,-0.1,0.04,899.27,28.5,0.0,1112.35,-2.55
86.86,-0.15,7.53,7.71,0.07,0.02,-0.03,0.06,899.37,28.49,0.0,1112.6,-2.63
86.87,-0.24,7.51,7.72,0.08,0.05,0.07,0.07,901.02,28.49,0.0,1112.69,-2.63
86.88,-0.25,7.47,7.7,0.09,0.07,0.15,0.07,903.39,28.5,0.0,1112.62,-2.53
86.89,-0.22,7.44,7.67,0.08,0.09,0.2,0.07,905.69,28.5,0.0,1112.45,-2.38
86.9,-0.15,7.4,7.64,0.07,0.1,0.23,0.07,907.44,28.5,0.0,1112.22,-2.24
86.91,-0.09,7.34,7.62,0.05,0.1,0.22,0.08,908.48,28.5,0.0,1112.0,-2.16
86.92,-0.05,7.28,7.62,0.03,0.09,0.2,0.09,908.36,28.5,0.0,1111.79,-2.16
86.93,-0.05,7.23,7.63,0.01,0.08,0.14,0.11,905.8,28.49,0.0,1111.51,-2.2
86.94,-0.1,7.22,7.66,-0.01,0.06,0.07,0.13,900.12,28.5,0.0,1111.1,-2.26
86.95,-0.18,7.25,7.7,-0.03,0.03,-0.01,0.14,893.3,28.51,0.0,1110.64,-2.33
86.96,-0.23,7.29,7.73,-0.03,0.02,-0.09,0.15,889.44,28.52,0.0,1110.29,-2.43
86.97,-0.22,7.33,7.74,-0.03,0.01,-0.14,0.15,891.28,28.52,0.0,1110.18,-2.57
86.98,-0.16,7.36,7.75,-0.01,0.01,-0.16,0.14,897.21,28.51,0.0,1110.29,-2.73
86.99,-0.09,7.38,7.73,0.01,0.01,-0.15,0.11,902.34,28.5,0.0,1110.54,-2.85
87.0,-0.04,7.4,7.69,0.04,0.02,-0.1,0.08,902.8,28.5,0.0,1110.83,-2.9
87.01,-0.02,7.41,7.65,0.06,0.03,-0.04,0.05,898.87,28.5,0.0,1111.1,-2.86
87.02,-0.05,7.43,7.61,0.08,0.04,0.02,0.03,893.91,28.5,0.0,1111.27,-2.77
87.03,-0.15,7.45,7.58,0.09,0.05,0.06,0.03,891.03,28.5,0.0,1111.34,-2.65
87.04,-0.28,7.48,7.57,0.09,0.07,0.07,0.06,891.25,28.5,0.0,1111.33,-2.52
87.05,-0.38,7.49,7.59,0.08,0.08,0.06,0.09,894.08,28.51,0.0,1111.28,-2.41
87.06,-0.42,7.49,7.63,0.06,0.09,0.03,0.11,898.44,28.51,0.0,1111.23,-2.34
87.07,-0.39,7.48,7.69,0.05,0.08,-0.01,0.13,902.76,28.51,0.0,1111.17,-2.32
87.08,-0.29,7.47,7.75,0.03,0.07,-0.03,0.14,905.38,28.51,0.0,1111.03,-2.37
87.09,-0.13,7.45,7.78,0.01,0.05,-0.03,0.16,905.49,28.5,0.0,1110.78,-2.49
87.1,0.03,7.44,7.79,-0.0,0.02,-0.02,0.17,903.72,28.5,0.0,1110.46,-2.64
87.11,0.14,7.43,7.77,-0.01,-0.0,0.0,0.17,901.62,28.49,0.0,1110.21,-2.74
87.12,0.15,7.43,7.75,-0.0,-0.02,0.02,0.14,900.47,28.5,0.0,1110.12,-2.74
87.13,0.08,7.44,7.73,0.01,-0.02,0.04,0.1,900.6,28.5,0.0,1110.19,-2.66
87.14,-0.04,7.43,7.71,0.03,-0.01,0.03,0.06,901.7,28.51,0.0,1110.36,-2.55
87.15,-0.16,7.42,7.71,0.05,0.0,-0.01,0.03,903.25,28.51,0.0,1110.57,-2.45
87.16,-0.26,7.39,7.71,0.07,0.02,-0.06,0.01,904.75,28.51,0.0,1110.76,-2.4
87.17,-0.27,7.36,7.73,0.09,0.04,-0.11,0.02,905.91,28.51,0.0,1110.88,-2.4
87.18,-0.2,7.33,7.74,0.09,0.06,-0.15,0.05,906.63,28.5,0.0,1110.93,-2.43
87.19,-0.08,7.3,7.75,0.09,0.08,-0.15,0.08,906.07,28.49,0.0,1110.89,-2.48
87.2,0.02,7.27,7.76,0.09,0.09,-0.11,0.12,901.89,28.48,0.0,1110.8,-2.53
87.21,0.04,7.23,7.76,0.07,0.09,-0.02,0.15,892.71,28.48,0.0,1110.67,-2.55
87.22,-0.02,7.19,7.75,0.06,0.08,0.09,0.18,881.51,28.48,0.0,1110.56,-2.56
87.23,-0.12,7.14,7.73,0.04,0.07,0.17,0.19,874.66,28.48,0.0,1110.63,-2.58
87.24,-0.23,7.11,7.69,0.02,0.04,0.2,0.18,876.46,28.47,0.0,1110.95,-2.64
87.25,-0.32,7.08,7.65,0.0,0.02,0.17,0.16,885.02,28.46,0.0,1111.45,-2.71
87.26,-0.34,7.1,7.62,-0.01,0.0,0.11,0.13,894.09,28.45,0.0,1111.97,-2.72
87.27,-0.27,7.17,7.64,-0.01,-0.01,0.04,0.12,898.48,28.45,0.0,1112.39,-2.62
87.28,-0.15,7.28,7.69,0.0,-0.01,-0.03,0.11,897.56,28.45,0.0,1112.64,-2.44
87.29,-0.04,7.39,7.75,0.02,0.0,-0.09,0.12,894.38,28.45,0.0,1112.64,-2.24
87.3,0.01,7.47,7.79,0.04,0.01,-0.12,0.15,892.18,28.46,0.0,1112.42,-2.08
87.31,-0.0,7.54,7.81,0.06,0.03,-0.14,0.18,892.34,28.46,0.0,1112.05,-1.99
87.32,-0.06,7.59,7.8,0.08,0.05,-0.11,0.2,894.75,28.46,0.0,1111.68,-1.98
87.33,-0.16,7.64,7.76,0.09,0.06,-0.02,0.19,898.65,28.46,0.0,1111.39,-2.04
87.34,-0.25,7.69,7.71,0.09,0.08,0.09,0.16,903.18,28.46,0.0,1111.21,-2.14
87.35,-0.31,7.72,7.66,0.08,0.09,0.18,0.13,908.22,28.46,0.0,1111.13,-2.28
87.36,-0.32,7.71,7.64,0.07,0.09,0.18,0.12,913.82,28.46,0.0,1111.08,-2.46
87.37,-0.28,7.66,7.64,0.05,0.08,0.13,0.13,918.98,28.46,0.0,1111.06,-2.64
87.38,-0.22,7.56,7.67,0.04,0.07,0.09,0.14,921.86,28.45,0.0,1111.04,-2.73
87.39,-0.15,7.44,7.72,0.02,0.05,0.11,0.16,921.39,28.45,0.0,1111.03,-2.71
87.4,-0.1,7.3,7.76,0.01,0.02,0.19,0.16,918.05,28.45,0.0,1111.02,-2.59
87.41,-0.07,7.21,7.79,0.0,0.01,0.27,0.15,912.91,28.44,0.0,1110.99,-2.44
87.42,-0.07,7.18,7.79,0.0,-0.0,0.31,0.13,907.08,28.44,0.0,1110.93,-2.34
87.43,-0.1,7.21,7.76,0.01,-0.0,0.3,0.09,902.02,28.44,0.0,1110.87,-2.29
87.44,-0.13,7.26,7.72,0.03,0.0,0.24,0.06,899.37,28.45,0.0,1110.89,-2.29
87.45,-0.16,7.28,7.69,0.04,0.01,0.16,0.04,899.85,28.45,0.0,1111.03,-2.32
87.46,-0.17,7.28,7.67,0.06,0.02,0.07,0.03,901.73,28.46,0.0,1111.24,-2.36
87.47,-0.15,7.26,7.67,0.08,0.03,0.02,0.04,900.85,28.47,0.0,1111.38,-2.43
87.48,-0.11,7.22,7.68,0.09,0.04,0.03,0.07,894.32,28.48,0.0,1111.35,-2.51
87.49,-0.06,7.17,7.71,0.09,0.05,0.07,0.11,884.26,28.48,0.0,1111.18,-2.6
87.5,-0.03,7.13,7.73,0.08,0.06,0.13,0.14,876.49,28.48,0.0,1111.02,-2.66
87.51,-0.05,7.09,7.71,0.07,0.06,0.19,0.17,875.36,28.47,0.0,1111.0,-2.68
87.52,-0.12,7.06,7.68,0.06,0.05,0.22,0.19,880.13,28.46,0.0,1111.06,-2.64
87.53,-0.18,7.06,7.66,0.04,0.04,0.25,0.18,886.29,28.46,0.0,1111.0,-2.55
87.54,-0.22,7.1,7.66,0.03,0.02,0.28,0.16,889.78,28.46,0.0,1110.65,-2.41
87.55,-0.23,7.16,7.69,0.01,0.0,0.31,0.12,890.23,28.47,0.0,1110.07,-2.24
87.56,-0.18,7.26,7.71,0.0,-0.01,0.3,0.07,890.77,28.48,0.0,1109.46,-2.1
87.57,-0.08,7.38,7.71,0.0,-0.02,0.26,0.02,894.35,28.48,0.0,1108.98,-2.01
87.58,0.03,7.52,7.69,0.01,-0.01,0.18,-0.03,900.14,28.49,0.0,1108.72,-1.99
87.59,0.09,7.65,7.66,0.02,0.0,0.1,-0.05,904.13,28.49,0.0,1108.74,-2.05
87.6,0.08,7.75,7.65,0.04,0.02,0.06,-0.06,903.17,28.48,0.0,1109.04,-2.18
87.61,-0.01,7.81,7.66,0.06,0.04,0.04,-0.04,898.42,28.47,0.0,1109.47,-2.36
87.62,-0.13,7.83,7.67,0.07,0.05,0.05,-0.01,894.57,28.47,0.0,1109.82,-2.54
87.63,-0.25,7.78,7.67,0.08,0.07,0.09,0.03,895.42,28.46,0.0,1109.97,-2.72
87.64,-0.34,7.69,7.67,0.08,0.09,0.13,0.07,900.73,28.46,0.0,1109.92,-2.86
87.65,-0.37,7.57,7.66,0.08,0.1,0.15,0.11,907.48,28.46,0.0,1109.8,-2.91
87.66,-0.34,7.45,7.64,0.06,0.1,0.16,0.12,912.8,28.47,0.0,1109.72,-2.85
87.67,-0.25,7.34,7.62,0.05,0.09,0.15,0.12,915.23,28.49,0.0,1109.73,-2.72
87.68,-0.16,7.25,7.61,0.03,0.07,0.12,0.12,914.32,28.5,0.0,1109.82,-2.54
87.69,-0.09,7.18,7.59,0.01,0.05,0.1,0.11,910.56,28.52,0.0,1109.95,-2.36
87.7,-0.06,7.15,7.57,-0.0,0.03,0.07,0.12,905.58,28.53,0.0,1110.07,-2.21
87.71,-0.07,7.16,7.58,-0.01,0.01,0.05,0.12,901.4,28.54,0.0,1110.15,-2.14
87.72,-0.12,7.25,7.6,-0.01,-0.0,0.01,0.12,899.31,28.55,0.0,1110.17,-2.15
87.73,-0.18,7.36,7.63,-0.0,-0.01,-0.03,0.1,899.34,28.55,0.0,1110.13,-2.24
87.74,-0.23,7.46,7.67,0.01,-0.02,-0.05,0.09,900.79,28.55,0.0,1110.05,-2.37
87.75,-0.24,7.52,7.7,0.04,-0.01,-0.04,0.09,902.82,28.55,0.0,1109.97,-2.52
87.76,-0.21,7.51,7.71,0.06,-0.0,0.0,0.1,904.72,28.54,0.0,1109.91,-2.65
87.77,-0.15,7.43,7.72,0.08,0.01,0.05,0.1,906.12,28.54,0.0,1109.98,-2.7
87.78,-0.08,7.3,7.73,0.09,0.03,0.07,0.11,906.93,28.53,0.0,1110.23,-2.67
87.79,-0.01,7.16,7.73,0.09,0.05,0.07,0.12,906.43,28.53,0.0,1110.55,-2.57
87.8,0.02,7.05,7.72,0.09,0.06,0.06,0.12,902.5,28.53,0.0,1110.74,-2.45
87.81,-0.02,7.03,7.68,0.07,0.07,0.06,0.11,893.94,28.53,0.0,1110.66,-2.35
87.82,-0.11,7.07,7.64,0.06,0.07,0.05,0.09,883.48,28.54,0.0,1110.41,-2.29
87.83,-0.19,7.17,7.61,0.04,0.06,0.05,0.08,876.92,28.54,0.0,1110.26,-2.3
87.84,-0.23,7.28,7.6,0.02,0.04,0.03,0.07,878.18,28.54,0.0,1110.46,-2.37
87.85,-0.23,7.39,7.62,-0.0,0.02,-0.0,0.08,885.56,28.53,0.0,1110.93,-2.49
87.86,-0.18,7.51,7.64,-0.01,0.01,-0.03,0.09,893.4,28.52,0.0,1111.44,-2.62
87.87,-0.1,7.64,7.67,-0.01,0.0,-0.03,0.1,896.96,28.52,0.0,1111.79,-2.76
87.88,-0.03,7.76,7.7,0.0,-0.0,-0.02,0.1,895.81,28.52,0.0,1111.89,-2.86
87.89,-0.0,7.84,7.72,0.02,0.01,0.01,0.09,892.99,28.52,0.0,1111.77,-2.9
87.9,-0.06,7.87,7.74,0.05,0.02,0.05,0.08,891.6,28.52,0.0,1111.51,-2.85
87.91,-0.16,7.83,7.76,0.07,0.03,0.1,0.07,892.71,28.53,0.0,1111.2,-2.74
87.92,-0.26,7.75,7.76,0.08,0.05,0.15,0.07,895.86,28.53,0.0,1110.94,-2.58
87.93,-0.33,7.63,7.75,0.09,0.07,0.18,0.06,900.05,28.53,0.0,1110.75,-2.41
87.94,-0.34,7.5,7.72,0.09,0.09,0.21,0.06,904.54,28.54,0.0,1110.66,-2.24
87.95,-0.29,7.4,7.68,0.08,0.1,0.22,0.07,909.58,28.54,0.0,1110.65,-2.14
87.96,-0.2,7.34,7.63,0.07,0.1,0.22,0.09,915.57,28.53,0.0,1110.7,-2.1
87.97,-0.1,7.31,7.58,0.05,0.08,0.21,0.11,921.38,28.53,0.0,1110.74,-2.14
87.98,-0.03,7.31,7.54,0.04,0.06,0.18,0.14,924.75,28.53,0.0,1110.72,-2.26
87.99,-0.01,7.33,7.53,0.02,0.04,0.12,0.15,924.28,28.52,0.0,1110.59,-2.43
88.0,-0.05,7.35,7.54,0.0,0.02,0.05,0.16,920.6,28.52,0.0,1110.39,-2.62
88.01,-0.11,7.35,7.56,-0.01,-0.0,-0.01,0.14,915.41,28.52,0.0,1110.2,-2.78
88.02,-0.19,7.33,7.6,-0.01,-0.01,-0.06,0.1,910.29,28.52,0.0,1110.09,-2.86
88.03,-0.24,7.28,7.65,0.0,-0.02,-0.09,0.05,906.48,28.52,0.0,1110.1,-2.88
88.04,-0.25,7.23,7.69,0.02,-0.02,-0.08,0.01,904.91,28.52,0.0,1110.23,-2.82
88.05,-0.2,7.17,7.71,0.04,-0.01,-0.04,-0.02,905.72,28.52,0.0,1110.48,-2.72
88.06,-0.1,7.13,7.71,0.06,0.0,0.03,-0.02,907.1,28.52,0.0,1110.77,-2.58
88.07,-0.03,7.12,7.7,0.08,0.02,0.08,-0.01,905.12,28.52,0.0,1110.97,-2.42
88.08,-0.02,7.14,7.68,0.08,0.04,0.1,0.0,897.19,28.52,0.0,1110.98,-2.24
88.09,-0.07,7.19,7.67,0.08,0.06,0.09,0.02,885.68,28.52,0.0,1110.85,-2.08
88.1,-0.16,7.26,7.65,0.08,0.07,0.06,0.04,876.44,28.52,0.0,1110.61,-2.02
88.11,-0.26,7.34,7.64,0.07,0.08,0.02,0.06,873.77,28.51,0.0,1110.35,-2.09
88.12,-0.34,7.42,7.63,0.05,0.07,-0.0,0.07,877.19,28.5,0.0,1110.1,-2.26
88.13,-0.36,7.5,7.64,0.04,0.06,-0.03,0.09,882.81,28.49,0.0,1109.85,-2.46
88.14,-0.32,7.58,7.67,0.02,0.05,-0.06,0.12,886.88,28.49,0.0,1109.58,-2.64
88.15,-0.22,7.64,7.71,0.0,0.03,-0.1,0.14,888.67,28.49,0.0,1109.3,-2.75
88.16,-0.12,7.66,7.74,-0.0,0.01,-0.11,0.15,890.46,28.49,0.0,1109.03,-2.78
88.17,-0.04,7.61,7.75,-0.0,-0.0,-0.11,0.14,894.53,28.49,0.0,1108.79,-2.74
88.18,-0.0,7.51,7.75,0.0,-0.01,-0.07,0.13,900.61,28.49,0.0,1108.65,-2.65
88.19,-0.01,7.43,7.75,0.02,-0.01,-0.03,0.1,906.7,28.49,0.0,1108.69,-2.54
88.2,-0.07,7.39,7.76,0.04,-0.0,0.01,0.08,911.07,28.48,0.0,1108.99,-2.4
88.21,-0.16,7.41,7.78,0.06,0.0,0.04,0.07,913.45,28.48,0.0,1109.43,-2.28
88.22,-0.24,7.43,7.81,0.07,0.02,0.05,0.07,915.07,28.47,0.0,1109.75,-2.22
88.23,-0.3,7.44,7.83,0.08,0.04,0.05,0.07,917.22,28.47,0.0,1109.8,-2.24
88.24,-0.32,7.41,7.84,0.08,0.06,0.04,0.09,919.8,28.46,0.0,1109.58,-2.33
88.25,-0.28,7.37,7.81,0.08,0.07,0.02,0.1,921.45,28.46,0.0,1109.2,-2.48
88.26,-0.19,7.32,7.76,0.07,0.08,0.0,0.12,921.12,28.46,0.0,1108.79,-2.68
88.27,-0.07,7.27,7.69,0.05,0.09,-0.01,0.13,918.77,28.46,0.0,1108.45,-2.87
88.28,0.02,7.25,7.64,0.03,0.08,0.0,0.14,914.69,28.47,0.0,1108.27,-2.96
88.29,0.05,7.25,7.62,0.02,0.06,0.03,0.13,909.41,28.48,0.0,1108.26,-2.91
88.3,0.03,7.28,7.64,0.0,0.04,0.08,0.13,904.27,28.5,0.0,1108.41,-2.74
88.31,-0.02,7.31,7.67,-0.0,0.02,0.12,0.12,901.1,28.5,0.0,1108.67,-2.53
88.32,-0.08,7.33,7.72,0.0,0.01,0.14,0.12,900.88,28.51,0.0,1109.03,-2.35
88.33,-0.14,7.35,7.75,0.01,0.0,0.14,0.12,902.12,28.51,0.0,1109.38,-2.22
88.34,-0.16,7.36,7.77,0.03,0.0,0.11,0.11,900.78,28.5,0.0,1109.54,-2.16
88.35,-0.13,7.38,7.77,0.05,0.01,0.07,0.09,894.03,28.5,0.0,1109.43,-2.15
88.36,-0.09,7.41,7.76,0.07,0.02,0.03,0.06,883.85,28.51,0.0,1109.14,-2.19
88.37,-0.06,7.45,7.73,0.08,0.04,0.0,0.03,875.81,28.51,0.0,1108.86,-2.31
88.38,-0.07,7.49,7.7,0.09,0.06,0.01,0.02,874.07,28.51,0.0,1108.76,-2.54
88.39,-0.12,7.53,7.66,0.09,0.08,0.04,0.02,878.03,28.51,0.0,1108.86,-2.8
88.4,-0.19,7.55,7.63,0.08,0.1,0.11,0.04,883.62,28.5,0.0,1109.07,-2.97
88.41,-0.25,7.56,7.63,0.07,0.1,0.22,0.06,887.07,28.5,0.0,1109.3,-2.97
88.42,-0.29,7.56,7.64,0.05,0.09,0.33,0.09,887.96,28.49,0.0,1109.5,-2.81
88.43,-0.27,7.55,7.65,0.04,0.07,0.39,0.12,889.21,28.49,0.0,1109.66,-2.59
88.44,-0.18,7.52,7.66,0.02,0.05,0.36,0.14,893.51,28.49,0.0,1109.83,-2.4
88.45,-0.06,7.5,7.65,0.0,0.03,0.26,0.16,899.88,28.49,0.0,1110.0,-2.28
88.46,0.04,7.48,7.65,-0.01,0.01,0.13,0.17,904.25,28.49,0.0,1110.21,-2.23
88.47,0.06,7.46,7.65,-0.01,-0.0,0.01,0.17,903.46,28.49,0.0,1110.46,-2.24
88.48,0.01,7.46,7.66,0.01,-0.01,-0.08,0.17,898.74,28.49,0.0,1110.69,-2.28
88.49,-0.09,7.46,7.67,0.03,-0.0,-0.1,0.16,894.84,28.49,0.0,1110.79,-2.34
88.5,-0.21,7.46,7.68,0.05,0.0,-0.06,0.15,895.63,28.49,0.0,1110.67,-2.42
88.51,-0.32,7.47,7.67,0.07,0.01,0.01,0.14,900.97,28.49,0.0,1110.41,-2.5
88.52,-0.38,7.47,7.67,0.09,0.02,0.09,0.12,908.11,28.49,0.0,1110.14,-2.58
88.53,-0.37,7.47,7.67,0.09,0.04,0.15,0.12,914.31,28.5,0.0,1109.97,-2.65
88.54,-0.3,7.47,7.68,0.09,0.06,0.17,0.12,917.81,28.5,0.0,1109.91,-2.7
88.55,-0.2,7.42,7.7,0.09,0.07,0.17,0.13,917.51,28.5,0.0,1109.81,-2.68
88.56,-0.1,7.33,7.73,0.07,0.07,0.16,0.14,913.46,28.5,0.0,1109.6,-2.59
88.57,-0.02,7.2,7.74,0.06,0.07,0.15,0.16,907.45,28.5,0.0,1109.29,-2.45
88.58,0.0,7.09,7.75,0.04,0.06,0.16,0.18,902.03,28.5,0.0,1109.05,-2.33
88.59,-0.03,7.03,7.72,0.02,0.04,0.18,0.21,898.95,28.49,0.0,1108.99,-2.26
88.6,-0.11,7.02,7.68,0.01,0.01,0.21,0.24,898.45,28.48,0.0,1109.1,-2.26
88.61,-0.19,7.07,7.65,-0.01,-0.01,0.24,0.25,899.81,28.47,0.0,1109.25,-2.32
88.62,-0.23,7.15,7.62,-0.01,-0.02,0.25,0.22,902.07,28.47,0.0,1109.33,-2.41
88.63,-0.23,7.24,7.62,0.0,-0.02,0.24,0.17,904.31,28.46,0.0,1109.32,-2.53
88.64,-0.17,7.31,7.65,0.02,-0.02,0.22,0.12,906.01,28.46,0.0,1109.32,-2.66
88.65,-0.07,7.36,7.69,0.04,-0.0,0.18,0.07,906.99,28.47,0.0,1109.39,-2.82
88.66,0.06,7.37,7.73,0.06,0.01,0.14,0.05,906.51,28.48,0.0,1109.54,-2.96
88.67,0.12,7.38,7.77,0.08,0.03,0.09,0.04,902.53,28.48,0.0,1109.68,-3.01
88.68,0.08,7.41,7.79,0.09,0.05,0.02,0.05,893.9,28.48,0.0,1109.75,-2.92
88.69,-0.03,7.46,7.8,0.09,0.06,-0.04,0.08,883.41,28.48,0.0,1109.75,-2.73
88.7,-0.17,7.49,7.79,0.09,0.08,-0.07,0.12,876.85,28.48,0.0,1109.74,-2.5
88.71,-0.28,7.48,7.78,0.08,0.08,-0.06,0.16,878.14,28.48,0.0,1109.77,-2.28
88.72,-0.33,7.44,7.76,0.06,0.08,-0.01,0.19,885.57,28.48,0.0,1109.82,-2.11
88.73,-0.31,7.38,7.75,0.04,0.06,0.03,0.22,893.45,28.47,0.0,1109.78,-2.03
88.74,-0.21,7.35,7.75,0.02,0.05,0.05,0.21,897.06,28.47,0.0,1109.58,-2.04
88.75,-0.09,7.35,7.76,0.0,0.03,0.05,0.19,895.94,28.48,0.0,1109.28,-2.12
88.76,0.0,7.37,7.77,-0.01,0.01,0.04,0.16,893.14,28.48,0.0,1109.07,-2.28
88.77,0.01,7.4,7.78,-0.01,0.0,0.04,0.12,891.76,28.48,0.0,1109.09,-2.5
88.78,-0.05,7.45,7.78,-0.0,-0.0,0.05,0.08,892.86,28.49,0.0,1109.3,-2.73
88.79,-0.15,7.49,7.78,0.01,-0.0,0.05,0.04,895.99,28.49,0.0,1109.55,-2.87
88.8,-0.25,7.53,7.77,0.03,0.01,0.04,-0.0,900.16,28.49,0.0,1109.71,-2.88
88.81,-0.31,7.56,7.76,0.05,0.02,0.01,-0.04,904.53,28.49,0.0,1109.71,-2.78
88.82,-0.32,7.57,7.74,0.07,0.04,-0.03,-0.05,909.11,28.48,0.0,1109.49,-2.59
88.83,-0.27,7.56,7.7,0.08,0.06,-0.04,-0.04,914.11,28.47,0.0,1109.07,-2.36
88.84,-0.18,7.54,7.65,0.08,0.08,-0.04,0.01,918.77,28.47,0.0,1108.57,-2.16
88.85,-0.11,7.48,7.6,0.08,0.09,-0.02,0.06,921.52,28.46,0.0,1108.21,-2.06
88.86,-0.07,7.41,7.57,0.07,0.09,0.03,0.12,921.46,28.46,0.0,1108.1,-2.07
88.87,-0.07,7.33,7.55,0.05,0.08,0.08,0.16,918.83,28.46,0.0,1108.21,-2.19
88.88,-0.1,7.27,7.56,0.04,0.06,0.12,0.2,914.17,28.47,0.0,1108.37,-2.37
88.89,-0.16,7.24,7.59,0.02,0.04,0.12,0.21,908.2,28.48,0.0,1108.44,-2.6
88.9,-0.22,7.25,7.63,0.0,0.02,0.09,0.22,902.46,28.49,0.0,1108.4,-2.8
88.91,-0.24,7.27,7.67,-0.01,0.01,0.04,0.21,898.99,28.5,0.0,1108.35,-2.9
88.92,-0.21,7.3,7.7,-0.01,0.01,0.0,0.19,898.89,28.51,0.0,1108.37,-2.87
88.93,-0.15,7.33,7.71,-0.0,0.01,-0.02,0.15,900.61,28.51,0.0,1108.47,-2.74
88.94,-0.08,7.37,7.72,0.02,0.01,-0.02,0.12,900.14,28.51,0.0,1108.63,-2.55
88.95,-0.05,7.4,7.73,0.04,0.02,0.01,0.09,894.58,28.51,0.0,1108.77,-2.37
88.96,-0.05,7.44,7.74,0.06,0.03,0.07,0.06,885.63,28.51,0.0,1108.88,-2.24
88.97,-0.1,7.47,7.74,0.07,0.05,0.12,0.05,878.35,28.51,0.0,1108.89,-2.2
88.98,-0.18,7.49,7.73,0.08,0.06,0.15,0.03,876.61,28.51,0.0,1108.82,-2.25
88.99,-0.27,7.48,7.71,0.08,0.08,0.16,0.03,880.0,28.52,0.0,1108.68,-2.36
89.0,-0.33,7.47,7.7,0.08,0.09,0.14,0.04,884.94,28.52,0.0,1108.53,-2.5
89.01,-0.33,7.44,7.72,0.07,0.1,0.11,0.08,888.06,28.51,0.0,1108.41,-2.61
89.02,-0.28,7.42,7.74,0.05,0.09,0.07,0.13,888.95,28.51,0.0,1108.37,-2.68
89.03,-0.19,7.4,7.76,0.04,0.08,0.04,0.17,890.14,28.5,0.0,1108.47,-2.72
89.04,-0.08,7.38,7.76,0.02,0.06,0.02,0.2,893.97,28.49,0.0,1108.73,-2.72
89.05,0.02,7.38,7.74,-0.0,0.04,0.0,0.2,899.56,28.48,0.0,1109.06,-2.69
89.06,0.07,7.39,7.69,-0.01,0.02,-0.01,0.18,903.26,28.47,0.0,1109.26,-2.63
89.07,0.04,7.43,7.62,-0.01,0.01,-0.02,0.15,902.31,28.45,0.0,1109.2,-2.54
89.08,-0.04,7.47,7.55,-0.0,0.01,-0.04,0.12,897.92,28.44,0.0,1108.93,-2.43
89.09,-0.15,7.52,7.5,0.01,0.01,-0.04,0.08,894.61,28.44,0.0,1108.59,-2.33
89.1,-0.25,7.55,7.5,0.03,0.01,-0.02,0.05,895.97,28.44,0.0,1108.31,-2.25
89.11,-0.32,7.57,7.55,0.06,0.03,0.01,0.03,901.64,28.44,0.0,1108.16,-2.21
89.12,-0.32,7.58,7.62,0.08,0.04,0.04,0.04,908.52,28.45,0.0,1108.15,-2.23
89.13,-0.25,7.57,7.7,0.09,0.06,0.08,0.08,913.75,28.46,0.0,1108.25,-2.32
89.14,-0.14,7.56,7.77,0.09,0.08,0.12,0.13,915.97,28.47,0.0,1108.43,-2.44
89.15,-0.05,7.52,7.81,0.08,0.1,0.13,0.17,914.86,28.48,0.0,1108.65,-2.55
89.16,-0.0,7.47,7.79,0.07,0.1,0.11,0.18,911.02,28.49,0.0,1108.92,-2.62
89.17,-0.01,7.4,7.73,0.06,0.1,0.08,0.16,906.07,28.49,0.0,1109.19,-2.63
89.18,-0.06,7.33,7.65,0.04,0.09,0.03,0.12,901.95,28.49,0.0,1109.41,-2.58
89.19,-0.14,7.29,7.57,0.02,0.07,-0.01,0.1,899.86,28.48,0.0,1109.56,-2.49
89.2,-0.22,7.27,7.51,0.0,0.05,-0.05,0.09,899.85,28.48,0.0,1109.62,-2.39
89.21,-0.26,7.29,7.49,-0.01,0.03,-0.07,0.1,901.33,28.48,0.0,1109.59,-2.3
89.22,-0.24,7.35,7.53,-0.01,0.01,-0.07,0.11,903.54,28.48,0.0,1109.49,-2.22
89.23,-0.18,7.43,7.59,-0.01,0.01,-0.06,0.12,905.74,28.49,0.0,1109.35,-2.18
89.24,-0.11,7.49,7.64,0.01,0.01,-0.05,0.13,907.4,28.49,0.0,1109.17,-2.18
89.25,-0.05,7.51,7.67,0.03,0.01,-0.04,0.12,908.36,28.49,0.0,1108.97,-2.24
89.26,-0.03,7.49,7.67,0.05,0.02,-0.03,0.1,908.15,28.49,0.0,1108.79,-2.33
89.27,-0.06,7.47,7.66,0.07,0.04,-0.02,0.08,905.51,28.49,0.0,1108.72,-2.45
89.28,-0.13,7.46,7.68,0.08,0.05,0.01,0.08,899.79,28.49,0.0,1108.79,-2.58
89.29,-0.22,7.46,7.73,0.09,0.07,0.05,0.09,892.96,28.49,0.0,1108.93,-2.7
89.3,-0.27,7.45,7.75,0.08,0.08,0.07,0.11,889.11,28.49,0.0,1109.02,-2.78
89.31,-0.27,7.41,7.74,0.07,0.09,0.07,0.12,890.98,28.49,0.0,1108.93,-2.8
89.32,-0.21,7.35,7.69,0.05,0.09,0.05,0.13,896.94,28.49,0.0,1108.73,-2.77
89.33,-0.13,7.28,7.66,0.04,0.08,0.02,0.13,902.08,28.49,0.0,1108.58,-2.67
89.34,-0.06,7.24,7.65,0.02,0.06,-0.02,0.13,902.52,28.48,0.0,1108.62,-2.5
89.35,-0.03,7.23,7.68,-0.0,0.03,-0.05,0.13,898.6,28.47,0.0,1108.84,-2.31
89.36,-0.05,7.26,7.71,-0.01,0.01,-0.06,0.13,893.84,28.47,0.0,1109.12,-2.15
89.37,-0.13,7.35,7.72,-0.01,-0.0,-0.05,0.13,891.47,28.48,0.0,1109.37,-2.04
89.38,-0.23,7.46,7.7,-0.0,-0.01,-0.02,0.13,892.38,28.5,0.0,1109.51,-2.0
89.39,-0.31,7.57,7.7,0.02,-0.01,0.02,0.13,895.81,28.51,0.0,1109.51,-2.07
89.4,-0.34,7.65,7.72,0.04,-0.0,0.05,0.14,900.49,28.52,0.0,1109.39,-2.23
89.41,-0.31,7.7,7.77,0.06,0.01,0.06,0.15,904.77,28.52,0.0,1109.19,-2.45
89.42,-0.23,7.7,7.82,0.07,0.03,0.07,0.14,906.93,28.51,0.0,1108.98,-2.63
89.43,-0.12,7.67,7.83,0.08,0.05,0.08,0.11,906.18,28.5,0.0,1108.79,-2.72
89.44,-0.01,7.61,7.8,0.08,0.07,0.09,0.07,903.4,28.48,0.0,1108.62,-2.72
89.45,0.06,7.52,7.74,0.07,0.09,0.11,0.04,900.51,28.47,0.0,1108.39,-2.66
89.46,0.05,7.4,7.67,0.06,0.1,0.15,0.04,899.01,28.47,0.0,1108.05,-2.57
89.47,-0.01,7.28,7.59,0.05,0.1,0.19,0.07,899.23,28.47,0.0,1107.63,-2.5
89.48,-0.11,7.19,7.54,0.03,0.08,0.2,0.11,900.7,28.49,0.0,1107.19,-2.44
89.49,-0.21,7.13,7.52,0.01,0.06,0.16,0.14,902.73,28.5,0.0,1106.8,-2.41
89.5,-0.28,7.11,7.54,-0.0,0.03,0.08,0.17,904.66,28.51,0.0,1106.52,-2.41
89.51,-0.28,7.14,7.57,-0.01,0.01,0.01,0.18,906.09,28.52,0.0,1106.45,-2.44
89.52,-0.19,7.2,7.61,-0.01,-0.01,-0.03,0.19,906.91,28.52,0.0,1106.64,-2.52
89.53,-0.06,7.27,7.64,-0.0,-0.02,-0.03,0.19,906.38,28.52,0.0,1107.03,-2.63
89.54,0.05,7.34,7.68,0.01,-0.02,-0.01,0.18,902.43,28.52,0.0,1107.51,-2.73
89.55,0.08,7.4,7.71,0.03,-0.01,0.02,0.16,893.86,28.52,0.0,1108.0,-2.8
89.56,0.02,7.43,7.74,0.06,0.01,0.04,0.14,883.42,28.52,0.0,1108.38,-2.83
89.57,-0.09,7.43,7.76,0.07,0.03,0.06,0.11,876.9,28.52,0.0,1108.53,-2.81
89.58,-0.22,7.4,7.76,0.09,0.05,0.07,0.09,878.2,28.52,0.0,1108.39,-2.74
89.59,-0.33,7.34,7.75,0.09,0.07,0.09,0.08,885.61,28.53,0.0,1108.04,-2.66
89.6,-0.38,7.29,7.74,0.08,0.08,0.1,0.1,893.47,28.53,0.0,1107.69,-2.56
89.61,-0.34,7.24,7.75,0.07,0.08,0.11,0.15,897.04,28.53,0.0,1107.47,-2.45
89.62,-0.25,7.22,7.77,0.06,0.07,0.12,0.21,895.89,28.53,0.0,1107.4,-2.36
89.63,-0.14,7.23,7.77,0.04,0.06,0.14,0.26,893.08,28.53,0.0,1107.42,-2.31
89.64,-0.07,7.28,7.74,0.02,0.05,0.17,0.27,891.71,28.54,0.0,1107.44,-2.31
89.65,-0.04,7.34,7.7,-0.0,0.03,0.21,0.23,892.84,28.54,0.0,1107.43,-2.36
89.66,-0.07,7.45,7.67,-0.01,0.02,0.22,0.18,896.02,28.54,0.0,1107.43,-2.45
89.67,-0.13,7.59,7.68,-0.01,0.01,0.2,0.13,900.21,28.54,0.0,1107.48,-2.59
89.68,-0.21,7.74,7.72,-0.01,0.01,0.15,0.09,904.6,28.52,0.0,1107.59,-2.72
89.69,-0.27,7.85,7.76,0.01,0.01,0.09,0.07,909.18,28.51,0.0,1107.68,-2.78
89.7,-0.29,7.89,7.79,0.03,0.02,0.04,0.05,914.19,28.51,0.0,1107.73,-2.73
89.71,-0.27,7.86,7.79,0.05,0.03,0.0,0.04,918.79,28.52,0.0,1107.72,-2.59
89.72,-0.22,7.75,7.79,0.07,0.04,-0.0,0.02,921.29,28.53,0.0,1107.71,-2.42
89.73,-0.16,7.58,7.8,0.08,0.06,0.02,0.01,920.69,28.55,0.0,1107.74,-2.27
89.74,-0.11,7.38,7.81,0.09,0.08,0.05,0.0,917.44,28.56,0.0,1107.8,-2.17
89.75,-0.09,7.22,7.82,0.08,0.09,0.08,0.01,912.53,28.56,0.0,1107.93,-2.14
89.76,-0.12,7.11,7.79,0.07,0.09,0.09,0.04,906.96,28.56,0.0,1108.11,-2.16
89.77,-0.17,7.08,7.75,0.06,0.08,0.08,0.08,902.13,28.56,0.0,1108.34,-2.21
89.78,-0.22,7.08,7.71,0.04,0.06,0.05,0.12,899.62,28.55,0.0,1108.65,-2.3
89.79,-0.25,7.1,7.69,0.03,0.03,0.02,0.14,900.14,28.54,0.0,1109.05,-2.4
89.8,-0.26,7.13,7.69,0.01,0.01,-0.02,0.14,902.04,28.53,0.0,1109.45,-2.5
89.81,-0.22,7.15,7.71,-0.0,-0.0,-0.06,0.12,901.41,28.52,0.0,1109.69,-2.56
89.82,-0.13,7.19,7.73,-0.0,-0.01,-0.08,0.09,895.53,28.52,0.0,1109.64,-2.55
89.83,-0.03,7.22,7.75,0.0,-0.01,-0.09,0.06,886.23,28.52,0.0,1109.35,-2.49
89.84,0.04,7.25,7.76,0.02,-0.0,-0.1,0.05,878.68,28.52,0.0,1108.92,-2.39
89.85,0.03,7.26,7.75,0.04,0.01,-0.09,0.04,876.77,28.51,0.0,1108.45,-2.29
89.86,-0.03,7.26,7.74,0.06,0.02,-0.08,0.05,880.04,28.51,0.0,1108.07,-2.2
89.87,-0.12,7.25,7.72,0.08,0.03,-0.05,0.06,884.75,28.5,0.0,1107.94,-2.14
89.88,-0.22,7.25,7.7,0.09,0.05,0.01,0.06,887.43,28.5,0.0,1108.11,-2.12
89.89,-0.28,7.26,7.69,0.09,0.07,0.08,0.06,887.82,28.5,0.0,1108.47,-2.13
89.9,-0.27,7.28,7.68,0.09,0.08,0.15,0.08,888.85,28.5,0.0,1108.75,-2.21
89.91,-0.18,7.3,7.68,0.08,0.09,0.2,0.12,893.14,28.51,0.0,1108.77,-2.36
89.92,-0.05,7.33,7.68,0.06,0.08,0.23,0.18,899.62,28.51,0.0,1108.56,-2.54
89.93,0.06,7.38,7.68,0.05,0.06,0.22,0.22,904.1,28.52,0.0,1108.28,-2.71
89.94,0.1,7.47,7.67,0.03,0.04,0.18,0.23,903.4,28.51,0.0,1108.08,-2.82
89.95,0.07,7.58,7.67,0.01,0.02,0.12,0.21,898.72,28.5,0.0,1108.07,-2.84
89.96,-0.02,7.66,7.66,-0.0,0.0,0.06,0.17,894.85,28.5,0.0,1108.34,-2.76
89.97,-0.14,7.69,7.66,-0.01,-0.01,0.02,0.12,895.64,28.52,0.0,1108.92,-2.58
89.98,-0.27,7.68,7.67,-0.0,-0.01,-0.0,0.08,900.92,28.54,0.0,1109.63,-2.36
89.99,-0.34,7.62,7.7,0.01,-0.01,-0.0,0.05,907.65,28.56,0.0,1110.18,-2.19
90.0,-0.32,7.53,7.73,0.03,0.0,0.01,0.04,912.96,28.57,0.0,1110.38,-2.12
90.01,-0.25,7.43,7.77,0.05,0.02,0.02,0.05,915.39,28.58,0.0,1110.25,-2.15
90.02,-0.15,7.33,7.8,0.07,0.04,0.03,0.05,914.5,28.57,0.0,1109.92,-2.23
90.03,-0.06,7.25,7.8,0.08,0.06,0.04,0.05,910.79,28.56,0.0,1109.52,-2.3
90.04,-0.01,7.19,7.77,0.08,0.08,0.04,0.05,905.87,28.55,0.0,1109.14,-2.37
90.05,-0.02,7.17,7.72,0.07,0.1,0.04,0.06,901.73,28.54,0.0,1108.72,-2.46
90.06,-0.1,7.21,7.66,0.07,0.1,0.05,0.07,899.61,28.54,0.0,1108.21,-2.61
90.07,-0.21,7.27,7.6,0.06,0.1,0.06,0.1,899.58,28.54,0.0,1107.65,-2.78
90.08,-0.3,7.33,7.57,0.04,0.08,0.06,0.12,900.96,28.55,0.0,1107.07,-2.91
90.09,-0.34,7.36,7.58,0.03,0.07,0.04,0.11,902.95,28.55,0.0,1106.51,-2.92
90.1,-0.32,7.35,7.62,0.01,0.04,0.0,0.1,904.83,28.56,0.0,1106.05,-2.83
90.11,-0.24,7.3,7.68,-0.0,0.02,-0.03,0.08,906.22,28.56,0.0,1105.83,-2.69
90.12,-0.12,7.21,7.72,-0.01,0.01,-0.06,0.06,907.01,28.56,0.0,1105.94,-2.55
90.13,0.0,7.12,7.75,-0.0,0.0,-0.07,0.05,906.47,28.55,0.0,1106.28,-2.45
90.14,0.06,7.07,7.76,0.01,0.0,-0.06,0.04,902.5,28.54,0.0,1106.74,-2.41
90.15,0.03,7.08,7.75,0.03,0.01,-0.04,0.05,893.89,28.53,0.0,1107.22,-2.44
90.16,-0.07,7.15,7.72,0.05,0.02,-0.01,0.05,883.4,28.53,0.0,1107.6,-2.53
90.17,-0.19,7.25,7.69,0.06,0.04,0.0,0.04,876.83,28.52,0.0,1107.84,-2.65
90.18,-0.27,7.35,7.67,0.07,0.06,0.01,0.04,878.09,28.52,0.0,1107.91,-2.8
90.19,-0.3,7.44,7.66,0.08,0.08,0.0,0.03,885.48,28.53,0.0,1107.87,-2.92
90.2,-0.26,7.51,7.66,0.07,0.09,0.0,0.04,893.34,28.53,0.0,1107.81,-2.96
90.21,-0.17,7.58,7.66,0.06,0.09,0.02,0.08,896.93,28.53,0.0,1107.82,-2.87
90.22,-0.07,7.64,7.65,0.05,0.08,0.05,0.14,895.8,28.54,0.0,1107.84,-2.69
90.23,-0.01,7.67,7.66,0.04,0.07,0.08,0.19,893.0,28.54,0.0,1107.72,-2.49
90.24,-0.05,7.66,7.67,0.02,0.05,0.09,0.2,891.65,28.55,0.0,1107.33,-2.3
90.25,-0.15,7.62,7.7,0.0,0.03,0.09,0.17,892.8,28.56,0.0,1106.74,-2.18
90.26,-0.26,7.56,7.72,-0.01,0.02,0.08,0.13,895.97,28.56,0.0,1106.11,-2.14
90.27,-0.33,7.49,7.75,-0.01,0.01,0.06,0.08,900.16,28.55,0.0,1105.58,-2.18
90.28,-0.35,7.44,7.78,-0.0,-0.0,0.03,0.05,904.54,28.55,0.0,1105.25,-2.29
90.29,-0.29,7.41,7.8,0.01,-0.0,0.0,0.04,909.1,28.54,0.0,1105.21,-2.43
90.3,-0.18,7.43,7.81,0.03,0.01,-0.04,0.06,914.07,28.53,0.0,1105.46,-2.57
90.31,-0.05,7.47,7.8,0.05,0.02,-0.09,0.1,918.68,28.53,0.0,1105.88,-2.7
90.32,0.04,7.51,7.77,0.07,0.03,-0.12,0.13,921.39,28.53,0.0,1106.26,-2.78
90.33,0.06,7.52,7.72,0.08,0.05,-0.13,0.13,921.32,28.54,0.0,1106.44,-2.82
90.34,0.01,7.49,7.67,0.08,0.07,-0.12,0.11,918.89,28.54,0.0,1106.46,-2.8
90.35,-0.09,7.42,7.63,0.07,0.08,-0.08,0.09,915.18,28.54,0.0,1106.49,-2.71
90.36,-0.2,7.31,7.61,0.06,0.08,-0.03,0.09,911.21,28.54,0.0,1106.68,-2.53
90.37,-0.29,7.18,7.62,0.05,0.07,0.02,0.1,907.95,28.55,0.0,1107.02,-2.3
90.38,-0.31,7.08,7.64,0.03,0.06,0.07,0.12,906.27,28.55,0.0,1107.37,-2.07
90.39,-0.27,7.01,7.65,0.01,0.04,0.12,0.14,906.4,28.54,0.0,1107.6,-1.89
90.4,-0.17,6.98,7.65,-0.0,0.03,0.14,0.14,906.95,28.54,0.0,1107.7,-1.78
90.41,-0.08,7.01,7.65,-0.01,0.02,0.15,0.13,904.57,28.54,0.0,1107.73,-1.79
90.42,-0.04,7.07,7.63,-0.01,0.02,0.13,0.1,897.04,28.54,0.0,1107.77,-1.94
90.43,-0.06,7.15,7.62,0.0,0.02,0.11,0.07,886.53,28.54,0.0,1107.81,-2.16
90.44,-0.12,7.24,7.62,0.02,0.02,0.08,0.06,878.27,28.54,0.0,1107.75,-2.36
90.45,-0.21,7.34,7.64,0.04,0.03,0.05,0.08,876.1,28.54,0.0,1107.51,-2.49
90.46,-0.29,7.43,7.68,0.06,0.03,0.04,0.12,879.43,28.54,0.0,1107.15,-2.51
90.47,-0.33,7.5,7.73,0.07,0.04,0.03,0.16,884.5,28.54,0.0,1106.8,-2.44
90.48,-0.31,7.57,7.79,0.08,0.06,0.0,0.2,887.82,28.54,0.0,1106.58,-2.29
90.49,-0.23,7.62,7.84,0.09,0.07,-0.02,0.22,888.88,28.54,0.0,1106.47,-2.12
90.5,-0.15,7.63,7.85,0.08,0.08,-0.01,0.23,890.16,28.53,0.0,1106.38,-2.0
90.51,-0.07,7.57,7.8,0.07,0.08,0.03,0.24,894.03,28.53,0.0,1106.2,-1.99
90.52,-0.02,7.48,7.71,0.06,0.08,0.09,0.25,900.17,28.52,0.0,1105.99,-2.07
90.53,-0.02,7.39,7.62,0.05,0.07,0.17,0.25,906.45,28.51,0.0,1105.92,-2.22
90.54,-0.08,7.33,7.56,0.03,0.05,0.23,0.23,911.02,28.5,0.0,1106.15,-2.39
90.55,-0.16,7.32,7.55,0.01,0.03,0.26,0.2,913.63,28.51,0.0,1106.61,-2.56
90.56,-0.23,7.34,7.57,-0.0,0.01,0.27,0.17,915.73,28.51,0.0,1107.15,-2.68
90.57,-0.26,7.39,7.62,-0.0,-0.0,0.26,0.15,918.77,28.52,0.0,1107.63,-2.74
90.58,-0.25,7.45,7.69,0.0,-0.01,0.23,0.13,922.42,28.53,0.0,1107.97,-2.76
90.59,-0.19,7.49,7.75,0.02,-0.02,0.17,0.12,924.82,28.53,0.0,1108.11,-2.71
90.6,-0.1,7.51,7.79,0.04,-0.01,0.09,0.11,924.57,28.54,0.0,1108.08,-2.59
90.61,0.01,7.5,7.81,0.06,0.0,0.01,0.09,921.66,28.54,0.0,1107.92,-2.44
90.62,0.07,7.47,7.8,0.07,0.02,-0.06,0.09,916.54,28.54,0.0,1107.63,-2.3
90.63,0.08,7.42,7.8,0.08,0.04,-0.1,0.09,909.97,28.53,0.0,1107.25,-2.19
90.64,0.03,7.37,7.79,0.09,0.06,-0.1,0.1,903.65,28.53,0.0,1106.8,-2.13
90.65,-0.05,7.29,7.77,0.08,0.08,-0.08,0.11,899.82,28.52,0.0,1106.31,-2.16
90.66,-0.14,7.2,7.74,0.07,0.08,-0.04,0.13,899.67,28.52,0.0,1105.78,-2.28
90.67,-0.21,7.11,7.71,0.06,0.08,0.0,0.14,901.51,28.52,0.0,1105.25,-2.46
90.68,-0.24,7.05,7.7,0.05,0.07,0.04,0.15,900.9,28.52,0.0,1104.77,-2.7
90.69,-0.2,7.03,7.72,0.03,0.05,0.07,0.15,894.64,28.52,0.0,1104.37,-2.96
90.7,-0.14,7.06,7.76,0.01,0.03,0.09,0.15,884.6,28.53,0.0,1104.06,-3.2
90.71,-0.08,7.13,7.78,-0.01,0.01,0.09,0.14,876.37,28.52,0.0,1103.84,-3.31
90.72,-0.06,7.24,7.77,-0.01,-0.0,0.07,0.13,874.22,28.52,0.0,1103.7,-3.25
90.73,-0.08,7.35,7.74,-0.01,-0.0,0.03,0.11,877.77,28.52,0.0,1103.63,-3.06
90.74,-0.14,7.46,7.69,0.01,0.0,-0.01,0.09,883.23,28.52,0.0,1103.67,-2.82
90.75,-0.19,7.56,7.65,0.03,0.01,-0.04,0.07,886.98,28.52,0.0,1103.83,-2.63
90.76,-0.23,7.64,7.63,0.05,0.02,-0.06,0.05,888.41,28.52,0.0,1104.08,-2.51
90.77,-0.23,7.68,7.63,0.07,0.04,-0.06,0.06,889.96,28.52,0.0,1104.3,-2.49
90.78,-0.17,7.66,7.65,0.08,0.05,-0.06,0.08,893.96,28.52,0.0,1104.45,-2.54
90.79,-0.08,7.6,7.68,0.09,0.06,-0.06,0.12,899.59,28.53,0.0,1104.51,-2.64
90.8,-0.01,7.52,7.7,0.08,0.07,-0.05,0.15,903.25,28.53,0.0,1104.5,-2.76
90.81,-0.01,7.44,7.7,0.07,0.08,-0.03,0.17,902.22,28.54,0.0,1104.46,-2.85
90.82,-0.06,7.36,7.68,0.06,0.07,-0.01,0.17,897.76,28.54,0.0,1104.38,-2.91
90.83,-0.16,7.32,7.65,0.04,0.06,0.01,0.15,894.45,28.55,0.0,1104.15,-2.89
90.84,-0.27,7.31,7.62,0.02,0.05,0.04,0.12,895.89,28.55,0.0,1103.72,-2.78
90.85,-0.36,7.34,7.59,0.0,0.02,0.07,0.09,901.69,28.56,0.0,1103.17,-2.61
90.86,-0.4,7.38,7.59,-0.01,-0.0,0.08,0.07,908.67,28.56,0.0,1102.65,-2.46
90.87,-0.38,7.43,7.61,-0.01,-0.02,0.05,0.07,913.93,28.56,0.0,1102.26,-2.38
90.88,-0.3,7.47,7.65,-0.0,-0.02,0.01,0.07,916.09,28.56,0.0,1102.07,-2.38
90.89,-0.19,7.47,7.7,0.01,-0.02,-0.04,0.08,914.88,28.56,0.0,1102.09,-2.4
90.9,-0.09,7.42,7.75,0.03,-0.02,-0.09,0.07,910.92,28.55,0.0,1102.3,-2.41
90.91,-0.01,7.32,7.79,0.05,-0.0,-0.12,0.06,905.86,28.55,0.0,1102.6,-2.4
90.92,0.02,7.24,7.81,0.06,0.02,-0.13,0.04,901.69,28.54,0.0,1102.86,-2.39
90.93,-0.03,7.19,7.8,0.07,0.04,-0.12,0.04,899.61,28.54,0.0,1102.99,-2.41
90.94,-0.11,7.18,7.78,0.08,0.07,-0.09,0.06,899.62,28.54,0.0,1103.03,-2.45
90.95,-0.2,7.2,7.76,0.08,0.08,-0.02,0.09,900.94,28.55,0.0,1103.12,-2.49
90.96,-0.25,7.23,7.74,0.07,0.09,0.08,0.13,902.69,28.55,0.0,1103.39,-2.5
90.97,-0.25,7.25,7.73,0.06,0.08,0.2,0.19,904.34,28.56,0.0,1103.81,-2.47
90.98,-0.21,7.25,7.73,0.04,0.06,0.29,0.23,905.88,28.56,0.0,1104.27,-2.38
90.99,-0.12,7.24,7.72,0.02,0.04,0.3,0.24,907.46,28.56,0.0,1104.67,-2.23
91.0,-0.01,7.21,7.7,0.0,0.02,0.24,0.22,908.05,28.56,0.0,1104.96,-2.06
91.01,0.05,7.21,7.69,-0.01,0.0,0.16,0.18,904.71,28.56,0.0,1105.16,-1.93
91.02,0.04,7.24,7.69,-0.01,-0.01,0.07,0.12,895.69,28.55,0.0,1105.29,-1.89
91.03,-0.04,7.3,7.69,-0.0,-0.01,0.0,0.06,883.98,28.55,0.0,1105.37,-1.94
91.04,-0.13,7.37,7.7,0.01,-0.01,-0.02,0.01,876.26,28.55,0.0,1105.38,-2.05
91.05,-0.2,7.43,7.71,0.03,-0.0,0.01,-0.02,877.15,28.55,0.0,1105.32,-2.19
91.06,-0.24,7.47,7.72,0.05,0.01,0.06,-0.03,884.96,28.56,0.0,1105.16,-2.33
91.07,-0.24,7.5,7.72,0.07,0.03,0.11,-0.03,893.56,28.56,0.0,1104.85,-2.45
91.08,-0.2,7.54,7.71,0.08,0.05,0.13,-0.01,897.72,28.57,0.0,1104.35,-2.56
91.09,-0.14,7.57,7.7,0.08,0.07,0.11,0.01,896.77,28.57,0.0,1103.75,-2.63
91.1,-0.11,7.59,7.69,0.08,0.08,0.06,0.04,893.67,28.56,0.0,1103.2,-2.63
91.11,-0.13,7.56,7.67,0.07,0.09,0.01,0.07,891.63,28.55,0.0,1102.8,-2.53
91.12,-0.19,7.51,7.64,0.06,0.09,-0.03,0.1,892.03,28.54,0.0,1102.58,-2.36
91.13,-0.25,7.45,7.61,0.04,0.08,-0.06,0.13,895.0,28.53,0.0,1102.52,-2.2
91.14,-0.3,7.41,7.57,0.02,0.07,-0.06,0.14,899.86,28.52,0.0,1102.58,-2.09
91.15,-0.31,7.4,7.53,0.01,0.05,-0.05,0.13,905.51,28.51,0.0,1102.71,-2.04
91.16,-0.28,7.41,7.51,-0.01,0.03,-0.04,0.13,911.27,28.51,0.0,1102.95,-2.06
91.17,-0.21,7.43,7.52,-0.01,0.02,-0.05,0.13,916.81,28.5,0.0,1103.32,-2.11
91.18,-0.13,7.46,7.56,0.0,0.01,-0.07,0.14,921.25,28.5,0.0,1103.74,-2.2
91.19,-0.06,7.47,7.62,0.02,0.01,-0.08,0.15,923.11,28.5,0.0,1104.04,-2.34
91.2,-0.05,7.47,7.69,0.04,0.01,-0.07,0.17,921.71,28.5,0.0,1104.11,-2.54
91.21,-0.07,7.45,7.76,0.06,0.02,-0.04,0.19,917.73,28.5,0.0,1103.99,-2.76
91.22,-0.13,7.43,7.8,0.07,0.04,-0.02,0.2,912.32,28.5,0.0,1103.73,-2.91
91.23,-0.18,7.42,7.82,0.08,0.06,-0.02,0.21,906.51,28.5,0.0,1103.43,-2.92
91.24,-0.23,7.42,7.81,0.09,0.08,-0.04,0.21,901.64,28.5,0.0,1103.14,-2.82
91.25,-0.24,7.39,7.79,0.09,0.09,-0.06,0.2,899.2,28.5,0.0,1102.87,-2.66
91.26,-0.21,7.31,7.75,0.08,0.1,-0.07,0.17,899.84,28.49,0.0,1102.61,-2.5
91.27,-0.15,7.21,7.72,0.07,0.1,-0.07,0.14,901.86,28.48,0.0,1102.38,-2.39
91.28,-0.1,7.11,7.69,0.05,0.09,-0.06,0.13,901.29,28.47,0.0,1102.22,-2.33
91.29,-0.06,7.05,7.67,0.04,0.07,-0.03,0.13,895.43,28.47,0.0,1102.15,-2.33
91.3,-0.06,7.05,7.65,0.02,0.05,-0.0,0.15,886.12,28.48,0.0,1102.15,-2.36
91.31,-0.09,7.1,7.65,0.0,0.03,0.02,0.16,878.55,28.48,0.0,1102.16,-2.45
91.32,-0.14,7.2,7.65,-0.0,0.01,0.02,0.16,876.63,28.48,0.0,1102.11,-2.58
91.33,-0.2,7.32,7.66,-0.0,0.0,0.02,0.14,879.9,28.49,0.0,1102.02,-2.74
91.34,-0.23,7.44,7.67,0.01,0.0,0.02,0.12,884.59,28.48,0.0,1101.92,-2.86
91.35,-0.22,7.55,7.69,0.03,0.01,0.02,0.11,887.23,28.48,0.0,1101.86,-2.92
91.36,-0.17,7.63,7.72,0.05,0.02,0.03,0.11,887.57,28.48,0.0,1101.87,-2.91
91.37,-0.1,7.67,7.74,0.07,0.03,0.03,0.12,888.57,28.48,0.0,1102.06,-2.85
91.38,-0.02,7.65,7.74,0.08,0.04,0.03,0.14,892.9,28.48,0.0,1102.44,-2.78
91.39,0.04,7.6,7.72,0.08,0.06,0.03,0.15,900.02,28.48,0.0,1102.92,-2.7
91.4,0.05,7.52,7.7,0.08,0.07,0.04,0.17,907.28,28.49,0.0,1103.29,-2.62
91.41,-0.0,7.44,7.67,0.08,0.07,0.07,0.18,912.42,28.5,0.0,1103.41,-2.53
91.42,-0.09,7.36,7.64,0.07,0.07,0.11,0.19,915.0,28.51,0.0,1103.28,-2.45
91.43,-0.19,7.32,7.62,0.05,0.06,0.15,0.19,916.35,28.52,0.0,1102.93,-2.4
91.44,-0.27,7.31,7.61,0.04,0.04,0.15,0.18,917.96,28.51,0.0,1102.44,-2.4
91.45,-0.31,7.34,7.62,0.02,0.03,0.13,0.16,919.98,28.5,0.0,1101.94,-2.45
91.46,-0.3,7.4,7.63,0.0,0.01,0.09,0.14,921.27,28.49,0.0,1101.54,-2.53
91.47,-0.22,7.47,7.63,-0.01,-0.0,0.02,0.13,920.89,28.49,0.0,1101.29,-2.63
91.48,-0.12,7.53,7.64,-0.01,-0.01,-0.05,0.12,918.7,28.49,0.0,1101.2,-2.71
91.49,-0.03,7.57,7.66,0.0,-0.01,-0.09,0.12,914.7,28.49,0.0,1101.2,-2.73
91.5,0.01,7.57,7.71,0.02,-0.01,-0.06,0.11,909.19,28.5,0.0,1101.25,-2.66
91.51,-0.0,7.54,7.77,0.04,-0.01,0.01,0.1,903.51,28.5,0.0,1101.33,-2.51
91.52,-0.06,7.49,7.82,0.06,0.01,0.1,0.08,899.55,28.51,0.0,1101.46,-2.34
91.53,-0.14,7.43,7.83,0.08,0.03,0.17,0.06,898.4,28.51,0.0,1101.67,-2.19
91.54,-0.21,7.36,7.8,0.09,0.05,0.21,0.03,899.65,28.5,0.0,1101.94,-2.09
91.55,-0.26,7.3,7.75,0.09,0.07,0.22,0.02,902.02,28.5,0.0,1102.24,-2.06
91.56,-0.25,7.25,7.7,0.08,0.07,0.21,0.02,904.29,28.5,0.0,1102.55,-2.12
91.57,-0.22,7.21,7.67,0.07,0.07,0.19,0.04,905.81,28.5,0.0,1102.82,-2.24
91.58,-0.17,7.19,7.64,0.05,0.05,0.16,0.07,906.53,28.5,0.0,1103.03,-2.38
91.59,-0.15,7.19,7.63,0.03,0.03,0.15,0.1,906.7,28.51,0.0,1103.14,-2.52
91.6,-0.14,7.21,7.64,0.01,0.01,0.14,0.13,906.12,28.51,0.0,1103.19,-2.63
91.61,-0.15,7.27,7.65,-0.01,-0.0,0.13,0.15,903.72,28.51,0.0,1103.22,-2.68
91.62,-0.18,7.38,7.69,-0.01,-0.01,0.1,0.17,898.82,28.52,0.0,1103.28,-2.66
91.63,-0.2,7.5,7.73,-0.0,-0.01,0.06,0.17,893.06,28.52,0.0,1103.37,-2.58
91.64,-0.2,7.59,7.77,0.01,-0.01,0.02,0.15,889.92,28.52,0.0,1103.45,-2.47
91.65,-0.16,7.61,7.78,0.04,0.0,-0.02,0.13,891.73,28.52,0.0,1103.48,-2.37
91.66,-0.1,7.57,7.76,0.06,0.01,-0.04,0.1,897.06,28.52,0.0,1103.43,-2.28
91.67,-0.05,7.48,7.73,0.07,0.03,-0.02,0.07,901.58,28.52,0.0,1103.21,-2.22
91.68,-0.04,7.38,7.69,0.08,0.05,0.05,0.05,901.91,28.52,0.0,1102.79,-2.16
91.69,-0.07,7.29,7.66,0.09,0.07,0.15,0.05,898.37,28.52,0.0,1102.28,-2.13
91.7,-0.15,7.23,7.64,0.09,0.09,0.23,0.05,894.06,28.52,0.0,1101.87,-2.15
91.71,-0.25,7.23,7.64,0.08,0.1,0.25,0.06,891.81,28.51,0.0,1101.7,-2.26
91.72,-0.34,7.26,7.66,0.07,0.1,0.22,0.06,892.43,28.49,0.0,1101.78,-2.41
91.73,-0.39,7.33,7.68,0.06,0.09,0.15,0.06,895.37,28.48,0.0,1102.03,-2.52
91.74,-0.37,7.41,7.69,0.04,0.07,0.07,0.07,899.57,28.48,0.0,1102.35,-2.54
91.75,-0.29,7.5,7.68,0.02,0.05,-0.0,0.07,903.59,28.49,0.0,1102.66,-2.47
91.76,-0.18,7.55,7.67,0.01,0.03,-0.06,0.07,905.99,28.5,0.0,1102.91,-2.35
91.77,-0.06,7.57,7.66,0.0,0.02,-0.11,0.05,906.07,28.51,0.0,1103.1,-2.23
91.78,0.03,7.55,7.67,0.01,0.0,-0.14,0.03,904.44,28.51,0.0,1103.25,-2.15
91.79,0.07,7.5,7.68,0.01,-0.01,-0.14,0.02,902.5,28.52,0.0,1103.4,-2.1
91.8,0.04,7.43,7.7,0.03,-0.01,-0.11,0.02,901.4,28.52,0.0,1103.61,-2.09
91.81,-0.05,7.35,7.73,0.05,0.0,-0.06,0.03,901.43,28.52,0.0,1103.83,-2.13
91.82,-0.15,7.29,7.76,0.07,0.02,-0.0,0.06,902.26,28.52,0.0,1103.98,-2.25
91.83,-0.23,7.24,7.79,0.08,0.04,0.06,0.07,903.39,28.52,0.0,1104.01,-2.45
91.84,-0.28,7.2,7.82,0.09,0.07,0.12,0.08,904.51,28.52,0.0,1103.92,-2.7
91.85,-0.28,7.19,7.82,0.09,0.09,0.15,0.09,905.74,28.51,0.0,1103.7,-2.87
91.86,-0.23,7.18,7.79,0.08,0.1,0.15,0.1,907.22,28.5,0.0,1103.38,-2.92
91.87,-0.15,7.19,7.75,0.07,0.1,0.13,0.12,907.83,28.49,0.0,1103.02,-2.83
91.88,-0.09,7.21,7.71,0.05,0.09,0.11,0.14,904.6,28.49,0.0,1102.72,-2.67
91.89,-0.09,7.24,7.69,0.03,0.07,0.1,0.15,895.72,28.49,0.0,1102.52,-2.5
91.9,-0.13,7.27,7.7,0.01,0.05,0.1,0.16,884.09,28.49,0.0,1102.43,-2.36
91.91,-0.19,7.3,7.72,0.0,0.03,0.1,0.15,876.2,28.49,0.0,1102.46,-2.27
91.92,-0.24,7.31,7.75,-0.0,0.02,0.1,0.13,876.58,28.5,0.0,1102.58,-2.22
91.93,-0.25,7.31,7.77,-0.0,0.0,0.09,0.1,883.76,28.5,0.0,1102.71,-2.23
91.94,-0.24,7.31,7.78,0.01,-0.0,0.07,0.07,892.06,28.5,0.0,1102.73,-2.3
91.95,-0.19,7.32,7.79,0.03,-0.0,0.04,0.05,896.59,28.49,0.0,1102.54,-2.44
91.96,-0.13,7.35,7.8,0.05,0.01,0.02,0.03,896.53,28.49,0.0,1102.25,-2.61
91.97,-0.1,7.38,7.79,0.07,0.02,-0.01,0.02,894.43,28.49,0.0,1102.1,-2.78
91.98,-0.1,7.42,7.78,0.08,0.04,-0.04,0.01,893.16,28.48,0.0,1102.25,-2.89
91.99,-0.15,7.46,7.75,0.09,0.07,-0.07,-0.0,893.85,28.49,0.0,1102.65,-2.93
92.0,-0.21,7.5,7.73,0.09,0.08,-0.09,0.0,896.37,28.49,0.0,1103.1,-2.9
92.01,-0.27,7.56,7.71,0.09,0.09,-0.09,0.03,900.0,28.5,0.0,1103.42,-2.8
92.02,-0.31,7.62,7.69,0.08,0.09,-0.08,0.08,904.15,28.5,0.0,1103.56,-2.65
92.03,-0.31,7.65,7.68,0.06,0.08,-0.05,0.14,909.1,28.51,0.0,1103.56,-2.5
92.04,-0.26,7.64,7.65,0.04,0.07,0.01,0.19,915.17,28.51,0.0,1103.47,-2.35
92.05,-0.2,7.59,7.63,0.02,0.05,0.06,0.21,921.17,28.51,0.0,1103.34,-2.25
92.06,-0.13,7.51,7.61,0.0,0.03,0.1,0.22,924.73,28.51,0.0,1103.16,-2.21
92.07,-0.09,7.44,7.62,-0.01,0.02,0.11,0.2,924.38,28.51,0.0,1102.91,-2.25
92.08,-0.07,7.37,7.63,-0.0,0.01,0.08,0.16,920.64,28.52,0.0,1102.63,-2.35
92.09,-0.08,7.34,7.65,0.01,0.0,0.03,0.12,914.88,28.51,0.0,1102.43,-2.5
92.1,-0.1,7.34,7.65,0.02,0.01,-0.0,0.08,908.47,28.51,0.0,1102.39,-2.68
92.11,-0.13,7.37,7.64,0.04,0.01,-0.03,0.05,903.05,28.5,0.0,1102.49,-2.84
92.12,-0.14,7.38,7.63,0.05,0.03,-0.02,0.03,900.25,28.5,0.0,1102.7,-2.94
92.13,-0.15,7.35,7.63,0.06,0.05,-0.0,0.03,900.74,28.5,0.0,1102.97,-2.92
92.14,-0.14,7.29,7.63,0.07,0.07,0.03,0.04,902.68,28.5,0.0,1103.21,-2.81
92.15,-0.13,7.22,7.64,0.07,0.08,0.06,0.05,901.77,28.51,0.0,1103.35,-2.65
92.16,-0.1,7.17,7.64,0.07,0.09,0.07,0.07,895.05,28.52,0.0,1103.34,-2.47
92.17,-0.08,7.14,7.64,0.06,0.08,0.07,0.09,884.68,28.52,0.0,1103.22,-2.32
92.18,-0.08,7.13,7.64,0.04,0.07,0.06,0.11,876.61,28.52,0.0,1103.04,-2.21
92.19,-0.12,7.14,7.63,0.02,0.05,0.05,0.12,875.27,28.52,0.0,1102.85,-2.17
92.2,-0.17,7.15,7.62,0.01,0.04,0.05,0.13,879.94,28.52,0.0,1102.71,-2.19
92.21,-0.22,7.17,7.62,-0.0,0.02,0.05,0.12,886.1,28.51,0.0,1102.63,-2.28
92.22,-0.23,7.21,7.62,-0.01,0.01,0.04,0.11,889.62,28.51,0.0,1102.64,-2.45
92.23,-0.2,7.27,7.63,-0.0,0.01,0.02,0.08,890.05,28.51,0.0,1102.75,-2.65
92.24,-0.13,7.35,7.64,0.01,0.01,0.0,0.05,890.39,28.52,0.0,1103.03,-2.79
92.25,-0.05,7.44,7.64,0.03,0.02,-0.01,0.02,893.47,28.53,0.0,1103.52,-2.82
92.26,0.04,7.53,7.64,0.05,0.03,-0.02,0.0,898.66,28.54,0.0,1104.08,-2.74
92.27,0.07,7.6,7.64,0.07,0.04,-0.02,-0.01,902.32,28.55,0.0,1104.4,-2.58
92.28,0.03,7.66,7.66,0.08,0.06,-0.01,-0.0,901.54,28.56,0.0,1104.29,-2.37
92.29,-0.06,7.7,7.69,0.08,0.08,0.01,0.01,897.42,28.58,0.0,1103.83,-2.16
92.3,-0.18,7.68,7.71,0.08,0.09,0.04,0.03,894.39,28.58,0.0,1103.29,-1.99
92.31,-0.29,7.61,7.72,0.08,0.1,0.09,0.06,896.01,28.58,0.0,1102.9,-1.9
92.32,-0.37,7.51,7.7,0.06,0.09,0.14,0.08,901.88,28.58,0.0,1102.75,-1.89
92.33,-0.39,7.4,7.69,0.05,0.08,0.18,0.1,908.88,28.57,0.0,1102.83,-1.97
92.34,-0.35,7.32,7.69,0.03,0.07,0.17,0.11,914.14,28.57,0.0,1103.08,-2.14
92.35,-0.27,7.26,7.7,0.01,0.05,0.14,0.11,916.32,28.56,0.0,1103.39,-2.35
92.36,-0.18,7.25,7.71,-0.0,0.04,0.08,0.11,915.2,28.56,0.0,1103.7,-2.53
92.37,-0.11,7.25,7.72,-0.0,0.02,0.01,0.12,911.41,28.56,0.0,1103.94,-2.63
92.38,-0.07,7.27,7.71,0.0,0.01,-0.07,0.14,906.56,28.56,0.0,1104.09,-2.65
92.39,-0.08,7.31,7.7,0.01,0.01,-0.13,0.14,902.52,28.56,0.0,1104.1,-2.58
92.4,-0.12,7.38,7.69,0.03,0.02,-0.16,0.14,900.45,28.56,0.0,1103.95,-2.43
92.41,-0.17,7.45,7.69,0.05,0.03,-0.17,0.12,900.34,28.57,0.0,1103.7,-2.25
92.42,-0.22,7.49,7.71,0.07,0.05,-0.15,0.09,901.48,28.57,0.0,1103.4,-2.11
92.43,-0.23,7.51,7.74,0.08,0.07,-0.1,0.05,903.06,28.58,0.0,1103.11,-2.05
92.44,-0.21,7.48,7.77,0.09,0.09,-0.04,0.02,904.56,28.58,0.0,1102.87,-2.07
92.45,-0.17,7.41,7.78,0.09,0.1,0.01,0.01,905.99,28.58,0.0,1102.76,-2.16
92.46,-0.12,7.29,7.77,0.08,0.1,0.03,0.03,907.49,28.57,0.0,1102.77,-2.31
92.47,-0.07,7.15,7.74,0.07,0.1,0.01,0.08,908.01,28.57,0.0,1102.88,-2.48
92.48,-0.06,7.06,7.72,0.05,0.09,-0.02,0.13,904.65,28.56,0.0,1103.02,-2.59
92.49,-0.09,7.05,7.71,0.03,0.07,-0.05,0.17,895.66,28.56,0.0,1103.16,-2.62
92.5,-0.14,7.11,7.71,0.01,0.05,-0.07,0.18,883.97,28.56,0.0,1103.28,-2.57
92.51,-0.19,7.22,7.71,-0.0,0.02,-0.1,0.17,876.07,28.56,0.0,1103.42,-2.47
92.52,-0.19,7.35,7.69,-0.01,0.01,-0.12,0.16,876.47,28.57,0.0,1103.61,-2.34
92.53,-0.15,7.48,7.66,-0.01,-0.01,-0.14,0.16,883.69,28.57,0.0,1103.83,-2.22
92.54,-0.1,7.6,7.64,-0.0,-0.01,-0.12,0.16,892.02,28.57,0.0,1103.96,-2.13
92.55,-0.04,7.72,7.65,0.02,-0.01,-0.04,0.19,896.56,28.57,0.0,1103.96,-2.07
92.56,-0.01,7.81,7.69,0.04,0.0,0.08,0.22,896.5,28.57,0.0,1103.84,-2.05
92.57,-0.03,7.86,7.73,0.06,0.02,0.17,0.24,894.4,28.56,0.0,1103.69,-2.11
92.58,-0.1,7.85,7.76,0.08,0.04,0.2,0.23,893.13,28.55,0.0,1103.58,-2.24
92.59,-0.21,7.78,7.76,0.09,0.07,0.17,0.2,893.83,28.53,0.0,1103.52,-2.43
92.6,-0.3,7.69,7.73,0.09,0.09,0.12,0.16,896.37,28.52,0.0,1103.48,-2.63
92.61,-0.35,7.58,7.69,0.08,0.1,0.07,0.12,900.04,28.52,0.0,1103.42,-2.82
92.62,-0.33,7.48,7.64,0.07,0.1,0.04,0.08,904.22,28.52,0.0,1103.33,-2.97
92.63,-0.27,7.42,7.6,0.06,0.08,0.03,0.07,909.21,28.53,0.0,1103.23,-3.03
92.64,-0.17,7.42,7.6,0.04,0.07,0.04,0.08,915.31,28.53,0.0,1103.17,-2.98
92.65,-0.07,7.46,7.62,0.01,0.04,0.05,0.11,921.32,28.53,0.0,1103.12,-2.85
92.66,-0.01,7.5,7.65,-0.0,0.02,0.06,0.14,924.88,28.52,0.0,1103.06,-2.66
92.67,0.01,7.52,7.69,-0.01,0.01,0.05,0.17,924.52,28.52,0.0,1102.94,-2.45
92.68,-0.02,7.5,7.73,-0.0,-0.01,0.02,0.18,920.89,28.52,0.0,1102.79,-2.27
92.69,-0.09,7.45,7.77,0.01,-0.01,-0.0,0.17,915.74,28.52,0.0,1102.67,-2.18
92.7,-0.16,7.37,7.81,0.02,-0.01,-0.0,0.16,910.67,28.52,0.0,1102.62,-2.21
92.71,-0.22,7.28,7.84,0.04,0.0,0.02,0.13,906.97,28.52,0.0,1102.66,-2.34
92.72,-0.24,7.2,7.84,0.06,0.01,0.04,0.11,905.53,28.52,0.0,1102.82,-2.51
92.73,-0.2,7.16,7.79,0.07,0.03,0.03,0.1,906.5,28.53,0.0,1103.1,-2.67
92.74,-0.13,7.16,7.71,0.08,0.05,0.01,0.1,908.05,28.53,0.0,1103.41,-2.79
92.75,-0.08,7.18,7.63,0.08,0.06,-0.0,0.1,906.2,28.53,0.0,1103.6,-2.85
92.76,-0.08,7.21,7.58,0.07,0.06,-0.0,0.12,898.33,28.53,0.0,1103.59,-2.87
92.77,-0.12,7.24,7.56,0.06,0.05,0.01,0.14,886.82,28.53,0.0,1103.43,-2.85
92.78,-0.19,7.28,7.57,0.05,0.04,0.03,0.16,877.49,28.53,0.0,1103.25,-2.79
92.79,-0.27,7.33,7.62,0.03,0.03,0.04,0.18,874.66,28.53,0.0,1103.17,-2.7
92.8,-0.32,7.4,7.67,0.01,0.02,0.03,0.19,877.86,28.53,0.0,1103.21,-2.61
92.81,-0.33,7.48,7.72,-0.0,0.01,0.03,0.19,883.18,28.52,0.0,1103.27,-2.52
92.82,-0.29,7.57,7.75,-0.01,-0.0,0.04,0.19,886.91,28.52,0.0,1103.26,-2.44
92.83,-0.2,7.65,7.76,-0.0,-0.01,0.05,0.19,888.35,28.52,0.0,1103.21,-2.41
92.84,-0.11,7.69,7.75,0.01,-0.01,0.07,0.18,889.92,28.52,0.0,1103.23,-2.45
92.85,-0.05,7.69,7.73,0.03,0.0,0.09,0.16,893.97,28.52,0.0,1103.41,-2.58
92.86,-0.02,7.66,7.71,0.05,0.02,0.1,0.13,900.18,28.52,0.0,1103.71,-2.76
92.87,-0.05,7.61,7.68,0.07,0.03,0.11,0.1,906.48,28.52,0.0,1103.97,-2.87
92.88,-0.12,7.57,7.67,0.08,0.05,0.12,0.07,911.04,28.52,0.0,1104.07,-2.84
92.89,-0.21,7.53,7.65,0.09,0.07,0.13,0.05,913.64,28.53,0.0,1104.01,-2.69
92.9,-0.28,7.51,7.65,0.09,0.09,0.14,0.05,915.74,28.53,0.0,1103.9,-2.47
92.91,-0.31,7.48,7.65,0.08,0.09,0.14,0.08,918.77,28.53,0.0,1103.81,-2.25
92.92,-0.3,7.45,7.65,0.07,0.09,0.13,0.12,922.41,28.53,0.0,1103.79,-2.07
92.93,-0.24,7.42,7.65,0.05,0.08,0.1,0.17,924.8,28.53,0.0,1103.82,-1.96
92.94,-0.14,7.39,7.67,0.03,0.06,0.07,0.2,924.53,28.53,0.0,1103.86,-1.91
92.95,-0.03,7.37,7.69,0.01,0.04,0.03,0.22,921.61,28.53,0.0,1103.9,-1.92
92.96,0.05,7.36,7.71,-0.0,0.03,-0.0,0.22,916.52,28.53,0.0,1103.94,-1.98
92.97,0.08,7.35,7.72,-0.0,0.01,-0.02,0.19,910.0,28.53,0.0,1103.98,-2.08
92.98,0.05,7.33,7.73,0.0,0.0,-0.04,0.15,903.76,28.53,0.0,1104.03,-2.2
92.99,-0.01,7.31,7.72,0.01,-0.0,-0.04,0.09,900.0,28.53,0.0,1104.05,-2.33
93.0,-0.09,7.28,7.71,0.03,0.0,-0.03,0.04,899.91,28.53,0.0,1104.02,-2.43
93.01,-0.16,7.25,7.68,0.05,0.02,-0.02,-0.0,901.78,28.53,0.0,1103.95,-2.5
93.02,-0.2,7.23,7.66,0.07,0.03,0.0,-0.02,901.14,28.52,0.0,1103.78,-2.52
93.03,-0.18,7.24,7.65,0.08,0.05,0.02,-0.02,894.79,28.52,0.0,1103.51,-2.5
93.04,-0.13,7.27,7.65,0.08,0.07,0.04,0.0,884.63,28.51,0.0,1103.21,-2.44
93.05,-0.09,7.31,7.65,0.08,0.08,0.06,0.04,876.31,28.51,0.0,1103.06,-2.34
93.06,-0.08,7.33,7.65,0.08,0.09,0.1,0.07,874.12,28.51,0.0,1103.15,-2.21
93.07,-0.12,7.33,7.65,0.07,0.08,0.14,0.09,877.69,28.51,0.0,1103.43,-2.08
93.08,-0.17,7.33,7.65,0.05,0.07,0.18,0.11,883.2,28.52,0.0,1103.79,-2.01
93.09,-0.23,7.35,7.66,0.03,0.06,0.2,0.12,887.03,28.52,0.0,1104.08,-2.01
93.1,-0.26,7.38,7.67,0.01,0.04,0.21,0.13,888.55,28.53,0.0,1104.3,-2.09
93.11,-0.25,7.42,7.68,-0.0,0.02,0.19,0.13,890.14,28.54,0.0,1104.5,-2.21
93.12,-0.18,7.45,7.69,-0.01,0.0,0.16,0.13,894.16,28.54,0.0,1104.76,-2.36
93.13,-0.08,7.48,7.7,-0.01,-0.01,0.1,0.13,899.76,28.54,0.0,1105.03,-2.51
93.14,0.0,7.5,7.71,0.01,-0.01,0.04,0.12,903.38,28.54,0.0,1105.14,-2.59
93.15,0.02,7.51,7.71,0.02,-0.01,-0.02,0.09,902.3,28.53,0.0,1104.97,-2.59
93.16,-0.03,7.53,7.71,0.04,0.01,-0.06,0.05,897.81,28.53,0.0,1104.58,-2.54
93.17,-0.12,7.54,7.71,0.06,0.03,-0.07,0.02,894.49,28.53,0.0,1104.13,-2.47
93.18,-0.24,7.55,7.71,0.08,0.06,-0.06,0.02,895.96,28.53,0.0,1103.77,-2.44
93.19,-0.35,7.55,7.73,0.09,0.08,-0.02,0.04,901.82,28.53,0.0,1103.54,-2.45
93.2,-0.41,7.54,7.74,0.09,0.09,0.03,0.07,908.86,28.53,0.0,1103.41,-2.53
93.21,-0.4,7.49,7.75,0.08,0.1,0.08,0.11,914.17,28.53,0.0,1103.31,-2.65
93.22,-0.34,7.42,7.74,0.07,0.09,0.11,0.14,916.37,28.53,0.0,1103.24,-2.79
93.23,-0.23,7.32,7.72,0.06,0.07,0.13,0.16,915.24,28.53,0.0,1103.19,-2.93
93.24,-0.11,7.22,7.67,0.03,0.05,0.15,0.17,911.42,28.53,0.0,1103.18,-3.04
93.25,-0.0,7.13,7.61,0.01,0.03,0.15,0.17,906.53,28.53,0.0,1103.21,-3.1
93.26,0.05,7.08,7.58,-0.0,0.01,0.14,0.16,902.46,28.53,0.0,1103.24,-3.09
93.27,0.03,7.09,7.58,-0.01,-0.0,0.1,0.14,900.34,28.53,0.0,1103.25,-2.97
93.28,-0.05,7.16,7.61,0.0,-0.02,0.05,0.13,900.2,28.53,0.0,1103.28,-2.81
93.29,-0.14,7.25,7.65,0.02,-0.02,-0.0,0.11,901.33,28.53,0.0,1103.42,-2.64
93.3,-0.2,7.34,7.66,0.04,-0.02,-0.07,0.08,902.94,28.53,0.0,1103.74,-2.52
93.31,-0.23,7.41,7.64,0.06,-0.01,-0.12,0.06,904.5,28.53,0.0,1104.17,-2.46
93.32,-0.2,7.43,7.63,0.07,0.01,-0.14,0.04,906.0,28.53,0.0,1104.58,-2.42
93.33,-0.1,7.4,7.64,0.09,0.04,-0.13,0.02,907.56,28.53,0.0,1104.86,-2.38
93.34,0.02,7.35,7.68,0.09,0.06,-0.08,0.02,908.13,28.53,0.0,1104.98,-2.35
93.35,0.1,7.29,7.72,0.09,0.09,-0.02,0.03,904.79,28.53,0.0,1104.95,-2.37
93.36,0.08,7.25,7.77,0.08,0.1,0.04,0.08,895.79,28.54,0.0,1104.81,-2.5
93.37,-0.01,7.25,7.79,0.07,0.1,0.09,0.14,884.07,28.54,0.0,1104.63,-2.69
93.38,-0.13,7.26,7.79,0.05,0.09,0.14,0.19,876.13,28.55,0.0,1104.43,-2.91
93.39,-0.24,7.28,7.76,0.03,0.07,0.17,0.21,876.46,28.55,0.0,1104.25,-3.1
93.4,-0.3,7.31,7.71,0.01,0.05,0.19,0.21,883.6,28.55,0.0,1104.1,-3.23
93.41,-0.3,7.36,7.67,-0.0,0.04,0.18,0.19,891.87,28.55,0.0,1103.94,-3.21
93.42,-0.22,7.45,7.65,-0.01,0.02,0.14,0.14,896.36,28.54,0.0,1103.75,-3.03
93.43,-0.1,7.56,7.67,-0.0,0.01,0.07,0.09,896.27,28.54,0.0,1103.6,-2.75
93.44,-0.01,7.65,7.69,0.01,0.01,-0.0,0.05,894.17,28.54,0.0,1103.64,-2.48
93.45,0.0,7.68,7.69,0.03,0.01,-0.06,0.03,892.91,28.54,0.0,1103.99,-2.31
93.46,-0.05,7.67,7.69,0.05,0.02,-0.1,0.03,893.63,28.54,0.0,1104.55,-2.26
93.47,-0.14,7.62,7.68,0.06,0.04,-0.12,0.04,896.19,28.54,0.0,1105.15,-2.3
93.48,-0.24,7.56,7.69,0.08,0.05,-0.13,0.05,899.86,28.54,0.0,1105.64,-2.42
93.49,-0.31,7.51,7.69,0.09,0.07,-0.12,0.05,903.97,28.54,0.0,1105.94,-2.54
93.5,-0.34,7.46,7.69,0.09,0.09,-0.09,0.05,908.59,28.54,0.0,1106.03,-2.64
93.51,-0.3,7.42,7.65,0.08,0.09,-0.03,0.06,913.9,28.54,0.0,1105.93,-2.68
93.52,-0.23,7.38,7.6,0.07,0.09,0.04,0.06,918.93,28.54,0.0,1105.75,-2.66
93.53,-0.16,7.36,7.56,0.05,0.08,0.1,0.08,921.8,28.54,0.0,1105.59,-2.57
93.54,-0.11,7.35,7.56,0.03,0.06,0.14,0.12,921.36,28.54,0.0,1105.52,-2.41
93.55,-0.1,7.36,7.59,0.01,0.04,0.14,0.17,918.04,28.54,0.0,1105.56,-2.22
93.56,-0.12,7.39,7.62,-0.0,0.02,0.11,0.21,912.79,28.54,0.0,1105.68,-2.06
93.57,-0.17,7.43,7.63,-0.01,0.01,0.07,0.22,906.64,28.55,0.0,1105.83,-1.96
93.58,-0.21,7.47,7.63,-0.0,-0.0,0.03,0.2,901.19,28.55,0.0,1105.97,-1.93
93.59,-0.24,7.48,7.63,0.01,-0.0,-0.01,0.16,898.38,28.55,0.0,1106.02,-1.99
93.6,-0.22,7.44,7.63,0.03,0.0,-0.05,0.11,899.12,28.56,0.0,1105.96,-2.14
93.61,-0.18,7.37,7.65,0.05,0.02,-0.07,0.07,901.58,28.56,0.0,1105.79,-2.33
93.62,-0.12,7.29,7.66,0.06,0.03,-0.07,0.03,901.26,28.56,0.0,1105.45,-2.54
93.63,-0.08,7.23,7.65,0.07,0.05,-0.04,0.02,895.04,28.55,0.0,1104.93,-2.73
93.64,-0.06,7.2,7.63,0.08,0.07,0.01,0.02,884.89,28.55,0.0,1104.35,-2.87
93.65,-0.08,7.2,7.6,0.08,0.09,0.07,0.04,876.51,28.54,0.0,1103.89,-2.92
93.66,-0.15,7.22,7.57,0.08,0.09,0.13,0.08,874.26,28.53,0.0,1103.67,-2.85
93.67,-0.24,7.26,7.54,0.07,0.09,0.16,0.11,877.76,28.52,0.0,1103.7,-2.69
93.68,-0.3,7.32,7.55,0.05,0.08,0.17,0.13,883.18,28.52,0.0,1103.92,-2.47
93.69,-0.32,7.4,7.58,0.03,0.07,0.16,0.12,886.89,28.52,0.0,1104.27,-2.24
93.7,-0.28,7.48,7.64,0.01,0.05,0.12,0.09,888.27,28.53,0.0,1104.64,-2.04
93.71,-0.2,7.55,7.7,-0.0,0.04,0.08,0.05,889.78,28.54,0.0,1104.96,-1.95
93.72,-0.08,7.58,7.75,-0.01,0.02,0.05,0.03,893.8,28.55,0.0,1105.17,-2.0
93.73,0.04,7.57,7.77,-0.0,0.01,0.04,0.02,899.47,28.55,0.0,1105.27,-2.16
93.74,0.11,7.54,7.77,0.01,0.01,0.04,0.02,903.16,28.55,0.0,1105.26,-2.38
93.75,0.08,7.5,7.75,0.03,0.01,0.05,0.03,902.13,28.55,0.0,1105.17,-2.61
93.76,-0.02,7.45,7.74,0.05,0.02,0.07,0.04,897.64,28.56,0.0,1105.01,-2.8
93.77,-0.15,7.43,7.73,0.06,0.04,0.09,0.06,894.28,28.56,0.0,1104.76,-2.91
93.78,-0.26,7.43,7.73,0.08,0.06,0.08,0.08,895.71,28.56,0.0,1104.43,-2.92
93.79,-0.34,7.45,7.73,0.09,0.08,0.06,0.11,901.53,28.56,0.0,1104.06,-2.85
93.8,-0.35,7.47,7.73,0.09,0.09,0.03,0.14,908.57,28.55,0.0,1103.77,-2.74
93.81,-0.29,7.5,7.72,0.09,0.1,0.01,0.16,913.91,28.54,0.0,1103.6,-2.63
93.82,-0.17,7.51,7.68,0.08,0.1,-0.01,0.18,916.19,28.53,0.0,1103.54,-2.54
93.83,-0.07,7.5,7.63,0.06,0.09,-0.0,0.19,915.15,28.52,0.0,1103.52,-2.47
93.84,-0.02,7.46,7.56,0.04,0.07,0.02,0.19,911.44,28.52,0.0,1103.47,-2.42
93.85,-0.02,7.4,7.5,0.02,0.05,0.05,0.19,906.64,28.52,0.0,1103.35,-2.39
93.86,-0.06,7.35,7.47,0.0,0.04,0.06,0.17,902.64,28.52,0.0,1103.2,-2.43
93.87,-0.13,7.3,7.49,-0.0,0.02,0.05,0.14,900.57,28.52,0.0,1103.04,-2.55
93.88,-0.19,7.28,7.54,0.0,0.01,0.02,0.1,900.44,28.52,0.0,1102.92,-2.71
93.89,-0.23,7.28,7.62,0.01,0.0,-0.01,0.07,901.55,28.52,0.0,1102.97,-2.85
93.9,-0.22,7.3,7.7,0.03,0.0,-0.02,0.07,903.1,28.53,0.0,1103.23,-2.91
93.91,-0.18,7.34,7.77,0.05,0.02,-0.0,0.08,904.58,28.54,0.0,1103.68,-2.89
93.92,-0.13,7.38,7.8,0.07,0.03,0.03,0.11,906.02,28.55,0.0,1104.23,-2.81
93.93,-0.11,7.4,7.79,0.08,0.05,0.07,0.13,907.55,28.56,0.0,1104.82,-2.69
93.94,-0.12,7.41,7.75,0.09,0.07,0.11,0.14,908.48,28.56,0.0,1105.33,-2.57
93.95,-0.15,7.42,7.7,0.09,0.09,0.13,0.14,906.93,28.56,0.0,1105.58,-2.46
93.96,-0.21,7.43,7.63,0.09,0.09,0.15,0.15,901.75,28.56,0.0,1105.49,-2.39
93.97,-0.26,7.45,7.58,0.08,0.09,0.15,0.16,894.8,28.56,0.0,1105.16,-2.35
93.98,-0.27,7.45,7.54,0.06,0.08,0.15,0.16,890.24,28.55,0.0,1104.82,-2.35
93.99,-0.22,7.42,7.55,0.04,0.07,0.12,0.16,890.99,28.55,0.0,1104.63,-2.42
94.0,-0.13,7.36,7.58,0.01,0.05,0.09,0.14,895.82,28.55,0.0,1104.59,-2.52
94.01,-0.04,7.31,7.62,-0.0,0.04,0.05,0.13,900.34,28.55,0.0,1104.54,-2.63
94.02,0.01,7.28,7.65,-0.01,0.02,0.0,0.14,900.95,28.55,0.0,1104.33,-2.75
94.03,0.01,7.29,7.66,-0.01,0.01,-0.04,0.15,897.78,28.55,0.0,1104.02,-2.84
94.04,-0.05,7.33,7.67,0.0,-0.0,-0.07,0.16,893.77,28.55,0.0,1103.83,-2.87
94.05,-0.16,7.43,7.67,0.02,-0.0,-0.07,0.17,891.71,28.55,0.0,1103.97,-2.82
94.06,-0.28,7.54,7.68,0.04,0.0,-0.04,0.16,892.42,28.54,0.0,1104.39,-2.72
94.07,-0.37,7.64,7.67,0.05,0.01,-0.01,0.15,895.39,28.54,0.0,1104.96,-2.61
94.08,-0.39,7.71,7.66,0.07,0.03,0.0,0.15,899.58,28.53,0.0,1105.55,-2.51
94.09,-0.35,7.74,7.64,0.08,0.05,-0.0,0.15,903.6,28.53,0.0,1106.03,-2.45
94.1,-0.25,7.71,7.62,0.08,0.06,0.01,0.15,906.03,28.53,0.0,1106.3,-2.43
94.11,-0.12,7.63,7.59,0.08,0.07,0.04,0.17,906.18,28.54,0.0,1106.35,-2.45
94.12,0.01,7.52,7.56,0.07,0.06,0.1,0.18,904.65,28.55,0.0,1106.26,-2.51
94.13,0.09,7.4,7.56,0.06,0.05,0.17,0.18,902.79,28.56,0.0,1106.2,-2.61
94.14,0.09,7.29,7.59,0.04,0.04,0.21,0.16,901.72,28.55,0.0,1106.32,-2.75
94.15,0.03,7.2,7.64,0.02,0.03,0.22,0.13,901.74,28.54,0.0,1106.56,-2.9
94.16,-0.07,7.16,7.69,0.0,0.02,0.19,0.09,902.54,28.53,0.0,1106.73,-2.96
94.17,-0.16,7.18,7.72,-0.01,0.01,0.13,0.06,903.64,28.52,0.0,1106.69,-2.9
94.18,-0.23,7.23,7.72,-0.0,0.0,0.05,0.02,904.76,28.5,0.0,1106.46,-2.73
94.19,-0.24,7.3,7.71,0.01,-0.0,-0.01,0.01,905.97,28.5,0.0,1106.22,-2.55
94.2,-0.17,7.37,7.69,0.02,0.0,-0.01,0.01,907.42,28.49,0.0,1106.09,-2.42
94.21,-0.06,7.43,7.68,0.04,0.01,0.03,0.02,907.98,28.49,0.0,1106.08,-2.36
94.22,0.02,7.46,7.66,0.05,0.03,0.1,0.04,904.7,28.49,0.0,1106.06,-2.35
94.23,0.03,7.46,7.66,0.07,0.05,0.15,0.04,895.76,28.5,0.0,1105.92,-2.37
94.24,-0.05,7.44,7.66,0.08,0.07,0.18,0.04,884.07,28.5,0.0,1105.66,-2.41
94.25,-0.15,7.38,7.66,0.08,0.09,0.18,0.03,876.15,28.5,0.0,1105.37,-2.47
94.26,-0.26,7.31,7.66,0.08,0.09,0.16,0.04,876.49,28.5,0.0,1105.17,-2.57
94.27,-0.33,7.22,7.65,0.07,0.09,0.13,0.05,883.66,28.5,0.0,1105.04,-2.69
94.28,-0.34,7.17,7.64,0.05,0.08,0.09,0.07,891.94,28.5,0.0,1104.94,-2.76
94.29,-0.29,7.16,7.6,0.03,0.06,0.06,0.08,896.43,28.49,0.0,1104.79,-2.75
94.3,-0.19,7.19,7.57,0.01,0.04,0.03,0.08,896.31,28.49,0.0,1104.64,-2.67
94.31,-0.1,7.26,7.55,-0.01,0.03,0.01,0.07,894.19,28.5,0.0,1104.65,-2.53
94.32,-0.06,7.36,7.56,-0.01,0.02,-0.0,0.05,892.9,28.5,0.0,1104.92,-2.34
94.33,-0.06,7.47,7.6,-0.01,0.0,-0.01,0.04,893.6,28.5,0.0,1105.37,-2.15
94.34,-0.1,7.59,7.65,0.01,0.0,-0.01,0.03,896.15,28.51,0.0,1105.75,-2.03
94.35,-0.17,7.71,7.72,0.02,0.0,0.0,0.04,899.82,28.51,0.0,1105.9,-1.99
94.36,-0.23,7.81,7.79,0.04,0.01,0.02,0.06,904.0,28.51,0.0,1105.75,-2.05
94.37,-0.27,7.85,7.83,0.06,0.02,0.05,0.07,909.01,28.51,0.0,1105.33,-2.19
94.38,-0.26,7.82,7.82,0.08,0.04,0.09,0.07,915.16,28.51,0.0,1104.69,-2.41
94.39,-0.22,7.71,7.79,0.09,0.06,0.13,0.05,921.24,28.51,0.0,1104.03,-2.65
94.4,-0.17,7.57,7.74,0.09,0.08,0.15,0.04,924.87,28.5,0.0,1103.63,-2.84
94.41,-0.11,7.41,7.71,0.08,0.09,0.16,0.06,924.56,28.49,0.0,1103.65,-2.94
94.42,-0.08,7.28,7.69,0.06,0.09,0.14,0.1,920.76,28.48,0.0,1103.99,-2.95
94.43,-0.07,7.19,7.66,0.04,0.08,0.09,0.13,914.72,28.48,0.0,1104.42,-2.87
94.44,-0.08,7.17,7.61,0.02,0.06,0.03,0.14,907.76,28.48,0.0,1104.7,-2.73
94.45,-0.11,7.19,7.55,-0.01,0.05,-0.03,0.13,901.66,28.48,0.0,1104.78,-2.57
94.46,-0.13,7.24,7.5,-0.02,0.03,-0.09,0.11,898.43,28.48,0.0,1104.66,-2.46
94.47,-0.13,7.26,7.48,-0.02,0.02,-0.12,0.1,898.97,28.49,0.0,1104.42,-2.41
94.48,-0.11,7.26,7.51,-0.02,0.01,-0.13,0.1,901.37,28.49,0.0,1104.15,-2.44
94.49,-0.08,7.25,7.57,-0.0,0.0,-0.12,0.1,901.06,28.49,0.0,1103.95,-2.49
94.5,-0.06,7.24,7.65,0.02,0.0,-0.08,0.11,894.86,28.49,0.0,1103.86,-2.53
94.51,-0.05,7.24,7.73,0.04,0.01,-0.03,0.12,884.71,28.49,0.0,1103.89,-2.56
94.52,-0.07,7.25,7.79,0.06,0.03,0.02,0.12,876.34,28.5,0.0,1104.06,-2.61
94.53,-0.13,7.25,7.81,0.08,0.04,0.08,0.1,874.11,28.5,0.0,1104.35,-2.69
94.54,-0.2,7.25,7.8,0.09,0.06,0.12,0.08,877.65,28.5,0.0,1104.69,-2.79
94.55,-0.26,7.24,7.76,0.09,0.07,0.15,0.06,883.13,28.5,0.0,1105.01,-2.83
94.56,-0.28,7.24,7.73,0.09,0.07,0.18,0.03,886.88,28.51,0.0,1105.25,-2.75
94.57,-0.26,7.25,7.7,0.07,0.07,0.19,0.01,888.28,28.52,0.0,1105.34,-2.6
94.58,-0.2,7.29,7.68,0.06,0.07,0.19,0.0,889.79,28.52,0.0,1105.2,-2.44
94.59,-0.1,7.36,7.69,0.03,0.06,0.15,-0.0,893.79,28.52,0.0,1104.76,-2.34
94.6,0.0,7.44,7.7,0.01,0.04,0.09,-0.0,899.44,28.52,0.0,1104.19,-2.32
94.61,0.06,7.53,7.71,-0.01,0.03,0.02,0.01,903.12,28.51,0.0,1103.78,-2.33
94.62,0.04,7.61,7.71,-0.01,0.01,-0.06,0.02,902.09,28.51,0.0,1103.73,-2.34
94.63,-0.03,7.66,7.7,-0.0,-0.0,-0.12,0.03,897.7,28.51,0.0,1104.0,-2.35
94.64,-0.14,7.68,7.68,0.01,-0.01,-0.15,0.04,894.83,28.51,0.0,1104.43,-2.4
94.65,-0.24,7.66,7.65,0.03,-0.01,-0.15,0.04,897.28,28.51,0.0,1104.85,-2.53
94.66,-0.32,7.62,7.63,0.04,0.0,-0.12,0.04,904.55,28.5,0.0,1105.17,-2.71
94.67,-0.35,7.57,7.63,0.06,0.02,-0.07,0.04,913.43,28.5,0.0,1105.37,-2.84
94.68,-0.32,7.51,7.66,0.07,0.03,-0.01,0.07,920.88,28.5,0.0,1105.49,-2.87
94.69,-0.25,7.46,7.71,0.08,0.05,0.04,0.12,925.29,28.5,0.0,1105.55,-2.79
94.7,-0.16,7.4,7.76,0.08,0.06,0.1,0.16,926.25,28.5,0.0,1105.55,-2.6
94.71,-0.07,7.32,7.77,0.08,0.07,0.14,0.18,924.34,28.51,0.0,1105.49,-2.34
94.72,-0.0,7.24,7.76,0.07,0.07,0.17,0.19,921.09,28.51,0.0,1105.39,-2.07
94.73,0.02,7.18,7.72,0.06,0.06,0.17,0.19,918.44,28.52,0.0,1105.33,-1.88
94.74,-0.02,7.16,7.69,0.03,0.05,0.14,0.21,917.65,28.52,0.0,1105.33,-1.81
94.75,-0.1,7.18,7.67,0.01,0.03,0.09,0.23,918.8,28.52,0.0,1105.41,-1.86
94.76,-0.19,7.22,7.66,-0.0,0.01,0.04,0.26,921.46,28.51,0.0,1105.55,-1.99
94.77,-0.26,7.27,7.68,-0.01,0.0,0.0,0.28,924.98,28.51,0.0,1105.72,-2.19
94.78,-0.29,7.31,7.71,-0.01,-0.0,-0.01,0.29,928.72,28.51,0.0,1105.87,-2.4
94.79,-0.29,7.34,7.75,0.0,-0.0,-0.0,0.27,932.6,28.51,0.0,1105.89,-2.57
94.8,-0.24,7.35,7.8,0.02,0.0,0.01,0.21,936.68,28.51,0.0,1105.74,-2.71
94.81,-0.16,7.34,7.83,0.04,0.02,0.03,0.14,939.62,28.52,0.0,1105.46,-2.78
94.82,-0.09,7.35,7.85,0.06,0.03,0.05,0.08,938.22,28.52,0.0,1105.16,-2.76
94.83,-0.05,7.37,7.83,0.07,0.05,0.08,0.05,930.59,28.52,0.0,1104.93,-2.65
94.84,-0.04,7.42,7.8,0.08,0.06,0.1,0.07,919.64,28.52,0.0,1104.77,-2.48
94.85,-0.05,7.44,7.76,0.08,0.07,0.11,0.1,911.82,28.51,0.0,1104.61,-2.35
94.86,-0.09,7.41,7.73,0.08,0.08,0.1,0.14,911.69,28.5,0.0,1104.37,-2.3
94.87,-0.13,7.35,7.7,0.07,0.07,0.09,0.17,917.86,28.5,0.0,1104.13,-2.33
94.88,-0.18,7.31,7.71,0.05,0.07,0.06,0.19,924.43,28.49,0.0,1104.08,-2.43
94.89,-0.24,7.31,7.75,0.03,0.06,0.04,0.18,926.38,28.49,0.0,1104.37,-2.55
94.9,-0.29,7.36,7.8,0.02,0.04,0.02,0.16,923.92,28.49,0.0,1104.9,-2.66
94.91,-0.33,7.44,7.85,0.0,0.03,-0.01,0.13,921.86,28.49,0.0,1105.43,-2.72
94.92,-0.36,7.56,7.87,0.0,0.01,-0.06,0.11,924.45,28.5,0.0,1105.77,-2.73
94.93,-0.37,7.67,7.87,0.01,-0.0,-0.11,0.1,931.28,28.52,0.0,1105.83,-2.7
94.94,-0.35,7.75,7.88,0.02,-0.01,-0.15,0.09,938.54,28.53,0.0,1105.62,-2.62
94.95,-0.3,7.81,7.92,0.04,-0.01,-0.17,0.07,942.79,28.53,0.0,1105.18,-2.5
94.96,-0.24,7.83,7.98,0.05,-0.0,-0.17,0.04,944.13,28.54,0.0,1104.66,-2.36
207.67,-0.16,11.91,12.07,-0.01,-0.02,-0.1,0.09,944.28,28.65,0.0,1923.63,-2.57
207.68,-0.06,11.91,12.09,-0.01,-0.04,-0.12,0.09,936.01,28.65,0.0,1922.57,-2.65
207.69,0.03,11.91,12.09,-0.01,-0.04,-0.14,0.05,932.01,28.65,0.0,1921.7,-2.63
207.7,0.09,11.89,12.07,-0.0,-0.03,-0.15,-0.0,931.97,28.66,0.0,1921.15,-2.53
207.71,0.13,11.87,12.05,0.02,-0.02,-0.16,-0.04,932.46,28.66,0.0,1921.04,-2.38
207.72,0.16,11.85,12.03,0.04,-0.01,-0.16,-0.05,930.34,28.66,0.0,1921.34,-2.21
207.73,0.18,11.84,12.02,0.06,0.01,-0.17,-0.02,926.25,28.66,0.0,1921.85,-2.08
207.74,0.16,11.8,12.0,0.07,0.02,-0.16,0.02,924.25,28.65,0.0,1922.18,-2.01
207.75,0.08,11.71,11.99,0.08,0.03,-0.15,0.07,927.55,28.65,0.0,1922.1,-2.03
207.76,-0.04,11.61,11.96,0.08,0.03,-0.12,0.11,934.96,28.66,0.0,1921.65,-2.13
207.77,-0.17,11.53,11.93,0.07,0.03,-0.1,0.13,942.14,28.66,0.0,1921.07,-2.28
207.79,-0.38,11.52,11.82,0.04,0.02,-0.09,0.17,944.8,28.64,0.0,1920.25,-2.68
207.8,-0.42,11.54,11.77,0.02,0.01,-0.1,0.17,942.47,28.64,0.0,1920.03,-2.79
207.81,-0.43,11.5,11.73,0.01,-0.0,-0.12,0.16,941.0,28.63,0.0,1919.82,-2.76
207.82,-0.39,11.43,11.7,-0.0,-0.02,-0.14,0.13,940.78,28.64,0.0,1919.59,-2.62
207.83,-0.31,11.35,11.68,-0.01,-0.03,-0.15,0.09,939.95,28.64,0.0,1919.35,-2.41
207.84,-0.19,11.3,11.66,-0.0,-0.04,-0.13,0.04,936.84,28.65,0.0,1919.12,-2.17
207.85,-0.04,11.29,11.64,0.01,-0.03,-0.1,-0.0,931.84,28.65,0.0,1918.94,-1.96
207.86,0.08,11.28,11.6,0.02,-0.02,-0.07,-0.02,926.7,28.66,0.0,1918.86,-1.83
207.87,0.17,11.26,11.56,0.04,-0.01,-0.06,-0.01,922.9,28.66,0.0,1918.92,-1.81
207.88,0.2,11.23,11.51,0.07,0.01,-0.07,0.01,920.91,28.66,0.0,1919.1,-1.88
207.89,0.16,11.19,11.46,0.08,0.03,-0.1,0.04,920.28,28.66,0.0,1919.42,-2.02
207.9,0.05,11.18,11.41,0.09,0.05,-0.12,0.04,920.3,28.66,0.0,1919.89,-2.19
207.91,-0.1,11.18,11.37,0.09,0.06,-0.13,0.02,919.65,28.66,0.0,1920.42,-2.37
207.92,-0.23,11.16,11.33,0.08,0.07,-0.12,0.0,915.9,28.66,0.0,1920.94,-2.51
207.93,-0.31,11.09,11.3,0.07,0.06,-0.08,-0.01,907.67,28.66,0.0,1921.39,-2.57
207.94,-0.3,10.98,11.28,0.04,0.05,-0.03,-0.01,897.08,28.66,0.0,1921.68,-2.57
207.95,-0.21,10.84,11.25,0.02,0.03,0.0,0.01,888.48,28.66,0.0,1921.67,-2.5
207.96,-0.03,10.69,11.2,0.01,0.01,0.0,0.05,884.93,28.66,0.0,1921.27,-2.37
207.97,0.17,10.57,11.15,-0.01,-0.01,-0.02,0.1,885.96,28.66,0.0,1920.62,-2.22
207.98,0.29,10.5,11.11,-0.01,-0.02,-0.06,0.12,888.38,28.66,0.0,1919.95,-2.09
207.99,0.28,10.49,11.1,-0.01,-0.02,-0.07,0.11,889.25,28.67,0.0,1919.42,-2.01
208.0,0.15,10.54,11.11,0.0,-0.02,-0.06,0.07,888.14,28.67,0.0,1919.13,-1.99
208.01,-0.02,10.6,11.11,0.02,-0.01,-0.05,0.03,886.86,28.67,0.0,1919.14,-2.06
208.02,-0.16,10.63,11.09,0.05,0.0,-0.03,0.01,887.17,28.66,0.0,1919.43,-2.23
208.03,-0.25,10.62,11.04,0.07,0.01,-0.02,0.02,889.07,28.66,0.0,1919.83,-2.46
208.04,-0.25,10.59,10.97,0.09,0.03,-0.0,0.05,891.05,28.65,0.0,1920.07,-2.69
208.05,-0.18,10.55,10.91,0.09,0.04,0.04,0.1,891.74,28.65,0.0,1919.96,-2.89
208.06,-0.07,10.51,10.86,0.09,0.05,0.1,0.16,891.16,28.65,0.0,1919.53,-3.03
208.07,-0.0,10.46,10.81,0.08,0.05,0.15,0.22,890.57,28.65,0.0,1918.9,-3.05
208.08,-0.04,10.42,10.74,0.06,0.05,0.18,0.27,891.1,28.65,0.0,1918.17,-2.95
208.09,-0.14,10.38,10.67,0.04,0.04,0.19,0.31,892.52,28.65,0.0,1917.53,-2.75
208.1,-0.24,10.35,10.62,0.02,0.03,0.19,0.32,893.4,28.66,0.0,1917.12,-2.51
208.11,-0.28,10.34,10.59,0.0,0.01,0.19,0.3,892.59,28.67,0.0,1917.02,-2.27
208.12,-0.25,10.34,10.6,-0.01,-0.01,0.18,0.26,890.23,28.67,0.0,1917.16,-2.06
208.13,-0.15,10.35,10.61,-0.01,-0.02,0.15,0.2,887.22,28.68,0.0,1917.38,-1.97
208.14,-0.03,10.33,10.63,-0.0,-0.03,0.09,0.14,884.44,28.67,0.0,1917.57,-2.03
208.15,0.07,10.29,10.63,0.01,-0.03,-0.0,0.08,882.2,28.66,0.0,1917.64,-2.2
208.16,0.12,10.24,10.6,0.03,-0.02,-0.08,0.04,879.98,28.65,0.0,1917.57,-2.41
208.17,0.07,10.18,10.53,0.05,-0.0,-0.14,0.0,877.22,28.64,0.0,1917.36,-2.6
208.18,-0.03,10.12,10.45,0.07,0.02,-0.16,-0.02,873.67,28.64,0.0,1917.07,-2.73
208.19,-0.12,10.08,10.37,0.09,0.04,-0.14,-0.01,868.68,28.64,0.0,1916.77,-2.78
208.2,-0.17,10.05,10.32,0.09,0.05,-0.1,0.02,861.96,28.64,0.0,1916.49,-2.76
208.31,-0.09,9.82,10.12,0.02,-0.01,-0.07,-0.11,855.23,28.65,0.0,1907.48,-2.71
